381 0
7 1
7 2
380 3
3 4
547 5
0 6
212 7
140 8
650 9
14 10
381 10
82 11
547 12
533 13
222 14
81 15
184 16
41 17
590 17
221 18
199 19
84 20
547 21
380 22
386 23
380 24
129 25
59 26
3 27
447 28
266 29
79 30
615 31
184 32
41 33
370 34
547 35
223 36
575 37
7 38
547 39
381 40
177 41
634 42
3 43
245 44
7 45
398 46
0 47
638 48
0 49
130 50
221 51
121 52
84 53
498 54
208 55
208 56
84 57
3 58
84 59
547 60
0 61
127 62
223 63
282 64
270 64
7 65
31 66
108 67
129 68
212 69
108 70
433 71
430 72
11 73
380 74
591 75
213 76
7 77
547 78
7 79
84 80
0 81
7 82
384 83
27 84
39 85
212 86
547 87
410 88
7 89
650 90
22 91
287 92
230 93
156 94
342 95
131 96
7 97
84 98
81 98
140 99
590 100
191 101
108 102
212 103
0 104
81 105
84 106
547 107
34 108
229 109
188 110
659 111
47 112
84 113
7 114
282 115
380 116
184 117
282 118
3 119
3 120
547 121
32 122
74 123
547 124
3 125
129 126
491 127
213 128
266 129
69 130
406 131
84 132
21 133
7 134
7 135
176 136
142 137
156 138
0 139
70 140
191 141
191 142
223 143
74 144
379 144
422 145
230 146
7 147
84 148
547 149
590 149
22 150
131 151
547 152
636 153
0 154
547 155
590 156
229 157
7 158
98 159
7 160
384 161
3 162
212 163
212 164
547 165
7 166
380 167
3 168
69 169
367 170
41 171
547 172
634 173
406 174
140 175
121 176
229 177
0 178
266 179
602 180
84 181
212 182
7 183
547 184
430 185
81 186
7 187
370 188
22 189
573 190
575 190
21 191
81 192
547 193
646 194
645 194
3 195
212 196
208 197
7 198
209 199
270 200
0 201
3 202
176 203
52 204
17 205
47 205
84 206
79 207
221 208
590 209
188 210
3 211
59 212
381 213
84 214
7 215
129 216
229 217
69 218
208 219
0 220
121 221
0 222
3 223
212 224
208 225
212 226
228 227
191 228
116 229
160 230
229 231
7 232
98 233
397 234
47 235
208 236
368 237
7 238
123 239
84 240
602 241
353 242
7 242
636 243
380 244
176 245
404 246
121 247
447 248
24 249
81 250
10 251
5 252
2 253
7 254
38 255
313 256
10 257
161 257
0 258
162 259
82 260
5 261
13 262
576 263
3 264
234 265
61 265
4 266
3 267
606 268
6 269
332 270
333 270
19 271
0 271
49 272
354 273
394 274
452 274
149 275
109 276
38 277
114 278
4 279
82 280
356 280
3 281
174 281
314 282
20 283
41 284
452 284
108 284
6 285
10 286
4 287
25 288
61 289
10 290
356 291
40 291
253 292
41 293
13 294
210 294
341 295
20 296
61 297
110 298
108 298
37 299
38 299
28 300
66 301
100 301
141 302
10 303
40 304
2 305
2 306
11 307
2 308
576 309
66 310
230 310
578 311
100 312
615 313
60 314
76 315
3 316
3 317
163 318
164 318
61 319
5 320
446 321
78 322
439 322
76 323
390 324
138 325
298 326
621 327
576 328
3 329
151 329
454 330
61 331
315 332
101 332
316 333
105 334
0 334
636 335
2 336
63 337
316 338
2 339
165 340
0 341
26 342
6 342
11 343
27 343
142 344
108 345
51 346
349 347
6 348
574 349
21 350
0 350
39 350
4 351
213 352
166 353
629 354
0 354
210 355
230 356
28 357
317 358
318 358
5 359
24 360
319 361
28 362
2 363
578 364
316 365
349 365
350 366
351 366
636 367
115 368
2 369
4 370
576 371
3 372
167 373
168 373
5 374
341 375
281 376
293 377
342 378
174 379
108 380
2 380
4 381
61 382
13 383
189 384
303 385
65 386
97 387
101 388
184 389
40 390
320 390
2 391
13 392
210 392
64 393
614 393
321 394
102 395
103 395
25 396
97 397
4 398
62 398
261 399
169 400
61 400
13 401
461 402
13 402
6 403
322 404
13 405
454 406
61 407
28 408
170 409
323 410
615 411
38 412
61 413
7 414
24 415
324 416
325 416
354 417
6 418
2 419
326 419
5 420
341 421
2 422
28 423
244 424
6 424
7 425
316 426
326 426
11 427
612 428
356 428
354 428
5 428
63 429
189 430
41 431
108 431
327 432
44 433
13 433
63 434
104 435
13 436
342 437
15 438
328 438
37 439
149 440
454 441
206 442
593 443
178 444
29 445
11 445
171 446
105 446
231 447
447 447
292 448
189 449
44 449
171 450
105 450
106 451
3 451
576 452
7 453
8 454
107 455
445 456
342 456
61 457
28 458
447 459
572 460
114 461
78 462
5 463
2 464
626 465
186 465
7 466
78 467
105 468
4 469
20 470
603 471
4 472
234 473
5 474
169 475
78 476
21 477
4 478
40 479
108 480
15 481
328 481
172 482
636 483
205 483
44 484
329 485
330 485
3 485
3 486
2 486
185 487
298 488
447 489
0 490
290 491
41 492
108 492
11 493
8 494
166 495
210 496
13 496
45 496
331 497
447 498
61 499
447 500
199 501
3 501
164 502
466 503
332 504
333 504
45 505
20 506
4 507
191 508
615 509
4 510
13 511
290 512
61 513
7 514
34 514
13 515
335 515
576 516
463 517
51 518
62 519
2 519
342 519
445 520
3 521
610 522
389 523
42 524
43 524
356 525
48 526
77 526
44 527
7 528
115 529
168 530
37 531
290 532
446 533
45 533
58 534
156 535
6 536
10 537
66 538
51 539
97 540
342 541
354 542
616 543
292 543
334 544
38 544
356 545
38 546
28 547
154 548
335 549
10 549
386 550
97 551
37 552
311 553
576 554
41 554
114 555
231 556
5 557
6 558
41 559
7 560
390 561
351 561
395 562
578 563
4 564
109 565
190 566
10 567
62 568
615 569
12 570
45 570
336 571
40 572
138 573
590 574
173 575
4 576
337 577
41 578
356 579
3 580
28 581
4 582
104 583
110 584
108 584
390 585
206 586
639 587
419 588
390 589
8 590
109 591
172 592
61 593
6 594
322 595
578 596
61 597
419 598
461 599
13 599
41 600
316 601
576 601
6 602
26 602
3 603
13 604
61 604
141 605
539 605
89 606
279 606
8 607
7 608
184 609
7 610
51 611
447 611
163 612
239 612
114 612
542 613
3 614
109 615
44 615
2 616
114 617
82 618
343 619
184 620
464 621
386 622
12 623
97 623
8 624
108 625
37 626
174 627
111 628
175 628
63 629
176 629
58 630
45 631
51 632
253 633
338 634
386 635
112 636
78 637
438 638
41 639
13 639
7 640
6 641
235 642
40 643
84 644
108 645
38 646
600 647
13 647
178 648
5 649
121 650
170 651
109 652
44 652
38 653
61 654
177 655
387 656
189 656
45 657
61 658
42 659
339 660
178 660
340 660
191 661
460 661
192 661
316 662
576 662
326 662
5 663
2 664
2 665
21 666
0 666
10 667
161 667
354 668
78 669
341 670
179 670
188 671
3 672
2 672
180 672
2 673
621 673
166 674
61 675
140 676
7 677
41 678
121 679
206 680
38 680
2 681
2 682
45 683
78 683
576 684
13 685
210 685
458 686
21 687
2 688
342 688
26 688
60 688
2 689
13 690
105 691
10 692
41 693
2 694
10 695
343 696
174 697
8 698
37 699
38 699
85 700
600 701
621 702
344 703
6 703
395 704
78 704
636 705
292 706
61 707
40 708
3 709
1 710
156 711
37 712
335 712
13 712
2 713
621 713
5 714
60 715
208 716
176 716
28 717
171 718
105 718
3 719
38 720
255 721
181 722
113 723
140 724
41 725
108 725
452 725
11 726
10 727
28 728
2 729
7 730
105 731
0 731
97 732
1 732
345 733
63 734
176 734
65 735
106 736
342 736
61 737
182 738
356 739
6 740
63 741
346 742
615 743
5 744
183 745
5 746
178 747
293 748
4 749
664 750
280 750
36 751
141 752
4 753
184 753
13 754
238 755
24 756
234 756
5 757
51 758
452 758
84 759
61 760
206 761
205 762
3 762
20 763
454 764
49 765
62 766
106 767
180 767
3 767
78 768
45 768
115 769
26 769
7 770
232 771
185 772
347 772
348 772
186 773
3 774
342 775
78 776
50 777
4 778
121 779
103 780
97 781
206 782
121 783
112 784
394 785
452 785
450 786
576 787
8 788
349 789
5 790
350 791
351 791
76 792
106 793
342 793
2 794
26 795
6 795
38 796
352 797
41 798
2 799
187 800
37 801
114 802
440 803
466 804
189 804
136 805
293 806
64 807
7 808
115 809
234 810
98 811
28 812
11 813
181 814
1 815
65 816
188 817
2 818
207 819
62 820
176 821
50 822
574 823
2 824
342 824
78 825
208 826
615 826
341 827
353 828
354 828
46 828
83 829
37 830
206 831
141 832
189 833
29 834
11 834
356 835
84 836
7 836
355 837
302 838
302 839
422 840
38 841
11 842
62 843
20 844
649 845
100 846
2 847
290 847
8 848
179 849
41 850
109 851
314 852
109 853
42 854
66 855
5 856
115 857
26 857
390 858
66 859
356 860
357 860
422 861
236 862
605 862
636 863
66 864
358 864
359 864
615 865
454 866
121 866
636 867
186 867
578 868
5 869
61 870
297 871
600 871
52 872
176 873
10 874
360 874
13 875
114 875
4 876
141 877
261 878
67 879
68 879
8 879
8 880
572 881
24 881
42 882
190 882
353 883
354 883
46 883
191 884
192 884
28 885
13 886
288 887
289 887
24 888
386 889
157 890
360 891
161 891
10 891
127 892
80 892
361 893
40 894
108 895
110 895
43 896
30 896
178 897
41 898
601 899
63 900
176 900
138 901
62 902
28 903
362 903
363 904
364 904
6 905
210 906
605 906
108 906
422 907
4 908
63 909
178 910
61 911
446 912
28 913
98 914
63 915
6 916
13 917
394 918
341 919
48 920
77 920
169 921
447 922
5 923
121 924
578 925
66 926
341 927
644 928
302 929
365 930
366 930
22 931
641 932
316 933
261 934
641 935
435 936
473 937
547 938
435 939
266 939
641 940
547 941
641 942
25 943
156 944
253 945
25 945
266 946
641 947
25 948
152 949
210 950
266 951
97 952
25 953
547 954
62 955
25 956
261 957
23 958
188 959
165 960
23 961
118 962
209 963
193 964
513 965
56 966
266 967
31 968
378 969
69 970
513 971
0 972
69 973
198 974
31 975
116 975
74 976
9 977
72 978
547 979
159 980
74 981
309 982
198 983
623 984
198 985
367 986
91 987
581 988
74 989
17 990
47 990
638 991
547 992
120 993
72 994
379 995
32 996
266 997
74 998
31 999
69 1000
193 1001
23 1002
120 1003
380 1004
118 1005
378 1006
194 1007
560 1008
75 1009
32 1010
117 1010
131 1011
0 1012
430 1013
287 1014
539 1015
57 1016
23 1017
378 1018
74 1019
379 1019
91 1020
31 1021
375 1022
118 1023
539 1024
368 1025
16 1026
69 1027
31 1028
241 1029
74 1030
418 1031
309 1032
193 1033
539 1034
69 1035
369 1036
590 1037
70 1038
370 1039
367 1040
57 1041
656 1042
560 1043
23 1044
23 1045
201 1046
547 1047
513 1048
9 1049
371 1050
430 1051
198 1052
120 1053
372 1054
74 1055
684 1056
72 1056
118 1057
71 1057
120 1058
373 1059
378 1060
23 1061
547 1062
118 1063
71 1063
560 1064
119 1065
47 1066
17 1066
309 1067
379 1068
74 1069
374 1070
99 1071
195 1072
194 1073
369 1074
23 1075
196 1075
665 1076
241 1077
69 1078
193 1079
31 1080
74 1081
375 1082
31 1083
197 1084
72 1084
380 1085
198 1086
368 1087
380 1088
31 1089
376 1090
377 1090
378 1091
539 1092
32 1093
121 1094
375 1095
435 1096
430 1096
270 1097
118 1098
539 1099
656 1100
193 1101
656 1102
379 1103
74 1103
31 1104
56 1105
547 1106
193 1107
585 1108
198 1109
198 1110
31 1111
373 1112
73 1113
369 1114
515 1115
547 1116
31 1117
367 1118
199 1119
193 1120
539 1121
23 1122
373 1123
193 1124
193 1125
560 1125
198 1126
31 1127
200 1128
378 1129
379 1130
74 1130
684 1131
193 1132
69 1133
72 1134
72 1135
665 1136
666 1136
56 1137
31 1138
69 1139
31 1140
194 1141
201 1142
202 1143
9 1144
202 1144
380 1145
0 1146
23 1147
560 1148
304 1149
515 1150
285 1151
198 1152
381 1153
560 1154
73 1155
74 1156
23 1157
74 1158
3 1159
203 1160
382 1161
198 1162
57 1163
32 1164
69 1165
69 1166
383 1167
120 1168
120 1169
384 1170
384 1171
547 1172
385 1173
72 1174
120 1174
75 1175
590 1176
373 1177
31 1178
682 1179
69 1179
194 1180
612 1181
38 1182
438 1183
391 1184
105 1185
63 1185
82 1186
2 1187
2 1188
386 1189
154 1190
687 1191
412 1192
621 1193
2 1194
386 1195
577 1196
389 1197
207 1198
386 1199
0 1200
302 1201
387 1202
105 1203
3 1203
8 1204
1 1205
78 1206
33 1207
2 1207
636 1208
114 1209
19 1210
0 1210
176 1211
29 1212
143 1212
456 1212
76 1213
20 1214
78 1215
13 1216
441 1216
341 1217
7 1218
177 1219
447 1219
166 1220
636 1221
51 1222
447 1222
422 1223
48 1224
24 1224
77 1224
261 1225
302 1225
455 1226
388 1227
4 1228
143 1229
29 1229
577 1230
59 1230
8 1231
331 1232
341 1233
2 1233
41 1234
108 1234
3 1235
60 1236
615 1237
636 1237
2 1238
20 1239
389 1240
8 1241
48 1242
77 1242
43 1243
2 1243
12 1243
21 1244
140 1245
206 1246
184 1247
3 1248
63 1249
121 1250
387 1251
189 1251
176 1252
38 1253
447 1254
322 1255
210 1256
238 1257
0 1258
156 1259
7 1260
2 1261
141 1262
5 1263
101 1264
177 1265
390 1266
10 1266
102 1267
103 1267
615 1268
157 1269
84 1270
7 1270
44 1271
179 1272
390 1273
3 1274
2 1274
109 1275
466 1275
10 1276
572 1277
24 1277
112 1278
28 1279
44 1280
636 1281
121 1282
105 1282
4 1283
0 1284
391 1285
5 1286
12 1287
356 1288
522 1289
76 1290
392 1291
41 1291
143 1292
302 1293
143 1294
27 1294
204 1295
7 1296
3 1297
205 1297
66 1298
97 1299
65 1300
313 1301
84 1302
176 1303
447 1304
341 1305
7 1306
84 1307
8 1308
0 1309
621 1310
206 1311
2 1312
108 1312
42 1313
78 1314
629 1315
44 1316
207 1317
13 1318
1 1318
76 1319
6 1320
393 1321
8 1321
109 1322
44 1322
65 1323
8 1324
191 1325
63 1326
206 1327
40 1328
156 1329
0 1330
77 1331
602 1332
65 1333
78 1333
456 1334
24 1335
13 1336
121 1337
338 1338
447 1339
2 1340
108 1340
140 1341
303 1342
341 1343
98 1344
45 1345
2 1346
452 1347
10 1348
0 1349
185 1350
303 1351
208 1352
10 1353
48 1354
621 1355
211 1356
25 1357
65 1358
290 1359
143 1360
687 1361
100 1362
142 1363
602 1364
2 1365
185 1366
7 1367
341 1368
209 1369
209 1370
8 1371
394 1372
6 1373
2 1374
395 1375
40 1376
13 1377
687 1378
238 1379
280 1380
602 1381
101 1382
4 1383
134 1384
210 1385
0 1386
140 1387
302 1388
140 1389
63 1390
279 1391
108 1392
621 1393
28 1394
390 1395
351 1395
624 1396
621 1397
298 1398
143 1399
295 1399
51 1400
25 1401
6 1402
38 1403
121 1404
211 1405
97 1406
178 1407
41 1408
547 1408
8 1409
575 1410
386 1411
118 1412
575 1413
65 1414
21 1415
598 1416
464 1417
210 1417
287 1418
256 1419
95 1420
394 1421
94 1422
66 1423
210 1424
3 1425
641 1426
680 1427
590 1428
419 1429
590 1430
575 1431
464 1432
343 1433
151 1434
575 1435
266 1436
92 1437
7 1438
342 1439
14 1440
95 1441
547 1442
261 1443
7 1444
463 1445
547 1446
152 1447
641 1448
261 1449
649 1450
62 1451
3 1452
590 1453
621 1454
680 1455
252 1456
261 1457
590 1458
84 1459
396 1460
356 1461
547 1462
498 1463
590 1464
98 1465
412 1466
688 1467
98 1468
390 1469
185 1470
7 1471
445 1472
261 1473
498 1474
687 1475
590 1476
660 1477
37 1478
8 1479
98 1480
64 1480
343 1481
464 1481
152 1482
11 1483
108 1484
394 1485
138 1486
141 1487
575 1488
62 1489
547 1490
84 1490
151 1491
394 1492
419 1493
464 1494
575 1495
547 1496
590 1497
473 1498
643 1498
341 1499
7 1500
4 1501
98 1502
4 1503
3 1504
573 1505
574 1505
575 1505
98 1506
419 1507
291 1508
4 1509
367 1510
450 1511
641 1512
32 1513
4 1514
576 1515
154 1515
261 1516
7 1517
474 1518
614 1519
17 1519
641 1520
457 1521
341 1522
525 1523
443 1524
399 1525
152 1526
614 1527
17 1527
389 1528
413 1529
498 1530
547 1531
11 1532
573 1533
261 1534
11 1535
590 1536
342 1537
261 1538
31 1539
600 1540
261 1541
7 1542
473 1543
643 1544
7 1545
367 1546
129 1547
5 1548
590 1549
266 1550
8 1551
680 1552
450 1553
617 1553
7 1554
590 1555
590 1556
94 1557
141 1558
590 1559
94 1560
576 1561
94 1562
367 1563
625 1564
590 1565
11 1566
590 1567
66 1568
386 1569
245 1570
547 1571
252 1572
256 1573
25 1574
25 1575
252 1576
39 1577
480 1578
494 1579
252 1580
252 1581
252 1582
252 1583
247 1584
247 1585
480 1586
247 1587
641 1587
480 1588
496 1589
252 1590
247 1591
252 1592
480 1593
261 1594
590 1595
25 1596
247 1597
25 1598
261 1599
641 1600
253 1601
247 1602
25 1603
249 1603
485 1604
261 1605
252 1606
507 1607
485 1607
496 1608
261 1609
572 1610
496 1611
247 1612
251 1613
252 1614
496 1615
152 1616
624 1617
252 1618
252 1619
247 1620
103 1621
496 1622
252 1623
261 1624
7 1625
252 1626
480 1627
496 1628
252 1629
252 1630
591 1631
25 1632
39 1633
25 1634
252 1635
261 1636
418 1637
252 1638
485 1639
590 1640
252 1641
251 1641
480 1642
212 1643
291 1644
14 1645
122 1645
230 1646
670 1647
3 1648
14 1649
131 1650
212 1651
3 1652
396 1653
560 1654
397 1655
3 1656
213 1657
14 1657
547 1658
398 1659
129 1660
402 1661
560 1662
459 1663
0 1663
214 1664
402 1665
128 1665
21 1666
7 1666
123 1667
215 1668
547 1669
123 1670
291 1671
404 1672
3 1673
14 1674
399 1674
400 1674
79 1675
377 1676
69 1677
291 1678
221 1679
118 1680
124 1681
378 1682
560 1683
54 1684
267 1685
123 1686
221 1687
408 1688
121 1689
0 1690
623 1691
270 1692
125 1693
397 1694
3 1695
216 1696
291 1697
14 1698
122 1698
400 1698
125 1699
118 1700
0 1701
142 1702
131 1703
79 1704
408 1705
131 1706
123 1707
69 1708
560 1709
14 1710
122 1710
126 1710
23 1711
21 1712
185 1713
602 1714
221 1715
131 1716
69 1717
79 1718
3 1719
0 1720
7 1721
207 1722
378 1723
79 1724
34 1724
401 1725
217 1726
3 1727
221 1728
123 1729
270 1730
22 1731
79 1732
34 1732
282 1733
207 1734
402 1735
7 1736
129 1737
59 1738
123 1739
69 1740
459 1741
0 1741
212 1742
212 1743
123 1744
217 1745
221 1746
636 1747
7 1748
7 1749
473 1750
623 1751
22 1752
547 1753
7 1754
121 1755
3 1756
69 1757
270 1758
270 1759
447 1760
218 1761
0 1762
560 1763
221 1764
403 1765
404 1765
7 1766
405 1767
129 1768
426 1769
266 1770
118 1771
7 1772
21 1772
124 1773
219 1773
14 1774
221 1775
22 1776
406 1777
49 1778
221 1779
212 1780
46 1781
407 1782
602 1783
7 1784
212 1785
0 1786
408 1787
41 1788
208 1789
397 1790
100 1791
212 1792
79 1793
0 1794
31 1795
408 1796
303 1797
131 1798
41 1799
0 1800
208 1801
444 1802
0 1803
303 1804
220 1805
79 1806
3 1807
212 1808
408 1809
208 1810
80 1811
447 1812
208 1813
0 1814
156 1815
208 1816
0 1817
3 1818
7 1819
80 1820
127 1820
7 1821
465 1822
353 1823
79 1824
34 1825
270 1826
208 1827
291 1828
590 1829
216 1830
0 1831
22 1832
650 1833
270 1834
34 1835
353 1836
7 1836
533 1837
84 1838
7 1838
208 1839
270 1840
270 1841
447 1842
221 1843
533 1844
3 1845
212 1846
41 1847
84 1848
547 1849
41 1849
3 1850
397 1851
353 1852
212 1853
303 1854
291 1855
156 1856
41 1857
353 1858
0 1859
204 1860
131 1861
402 1862
128 1862
79 1863
66 1864
496 1865
184 1866
409 1867
410 1867
131 1868
131 1869
590 1870
82 1871
84 1871
7 1872
7 1873
368 1874
84 1875
41 1876
41 1877
208 1878
131 1879
270 1880
410 1881
7 1882
3 1883
131 1884
270 1885
79 1886
34 1886
411 1887
41 1888
392 1888
397 1889
3 1890
121 1891
270 1892
176 1893
397 1894
659 1895
224 1896
218 1897
412 1898
222 1898
121 1899
106 1899
413 1900
384 1901
82 1902
47 1903
84 1904
112 1905
7 1906
591 1907
221 1908
44 1908
223 1909
81 1909
129 1910
129 1911
82 1912
590 1913
3 1914
0 1915
414 1916
415 1916
79 1917
34 1917
413 1918
224 1919
224 1920
374 1921
188 1922
121 1923
7 1924
75 1925
44 1926
22 1926
59 1927
638 1928
130 1929
3 1930
188 1931
591 1932
7 1933
3 1934
3 1935
384 1936
67 1937
129 1938
31 1939
0 1940
104 1941
416 1941
3 1942
41 1943
7 1943
392 1943
41 1944
591 1945
83 1946
590 1947
370 1948
84 1949
128 1950
380 1951
473 1952
3 1953
380 1954
0 1955
84 1956
270 1957
3 1958
374 1959
47 1960
7 1961
31 1962
7 1963
417 1964
31 1965
3 1966
82 1967
84 1968
3 1969
7 1970
426 1971
266 1972
547 1973
590 1973
7 1974
84 1975
21 1975
379 1976
655 1977
69 1978
142 1979
7 1980
418 1981
221 1982
16 1983
398 1984
634 1985
7 1986
422 1987
188 1988
223 1989
81 1989
105 1990
431 1991
32 1992
130 1993
3 1994
7 1995
659 1996
17 1997
3 1998
384 1999
474 2000
129 2001
591 2002
31 2003
7 2004
82 2005
3 2006
291 2007
3 2008
11 2009
82 2010
547 2011
111 2012
175 2012
223 2013
81 2013
590 2014
219 2015
419 2015
21 2016
0 2016
74 2017
384 2018
430 2018
220 2019
7 2020
380 2021
82 2022
16 2023
420 2023
225 2024
17 2025
425 2025
3 2026
21 2027
0 2027
39 2027
7 2028
3 2029
31 2030
98 2031
129 2032
121 2033
380 2034
225 2035
129 2036
121 2037
226 2038
241 2039
7 2040
129 2041
69 2042
380 2043
130 2044
142 2045
370 2046
3 2047
82 2048
32 2049
74 2050
678 2051
74 2051
384 2052
7 2053
7 2054
421 2055
418 2056
422 2057
7 2058
7 2059
47 2060
17 2060
445 2061
22 2062
188 2063
81 2064
95 2065
31 2066
116 2066
381 2066
7 2067
131 2068
128 2069
16 2070
129 2071
129 2072
547 2073
650 2074
121 2075
423 2076
81 2076
75 2077
224 2078
116 2079
229 2080
229 2081
130 2082
424 2082
430 2083
34 2084
623 2085
21 2085
21 2086
0 2086
39 2086
128 2087
21 2088
42 2089
70 2090
3 2091
430 2092
555 2093
104 2094
83 2095
368 2096
379 2097
17 2098
425 2098
14 2099
122 2099
213 2099
126 2099
129 2100
21 2101
7 2102
84 2103
34 2104
374 2105
435 2106
129 2107
204 2108
223 2109
17 2110
47 2110
380 2111
83 2112
3 2113
132 2114
131 2115
426 2115
380 2116
121 2117
84 2118
413 2119
95 2120
82 2121
3 2122
3 2123
106 2123
427 2124
428 2124
21 2125
81 2126
21 2127
39 2127
81 2128
423 2128
74 2129
384 2130
75 2131
659 2132
131 2133
3 2134
380 2135
7 2136
16 2137
227 2137
642 2138
0 2139
14 2140
201 2140
432 2141
7 2142
111 2143
74 2144
21 2145
22 2146
84 2147
228 2147
31 2148
14 2149
126 2149
430 2150
82 2151
69 2152
70 2153
14 2154
39 2155
46 2156
223 2157
81 2157
7 2158
229 2159
176 2160
82 2161
7 2162
82 2163
379 2164
82 2165
129 2166
429 2167
229 2167
590 2168
3 2169
21 2170
0 2170
176 2171
21 2172
0 2172
555 2173
430 2174
14 2175
400 2175
73 2176
73 2177
3 2178
377 2179
121 2180
430 2181
230 2182
47 2183
430 2184
21 2185
3 2186
83 2187
230 2188
84 2189
7 2189
7 2190
7 2191
84 2192
21 2193
80 2194
3 2195
384 2196
16 2197
221 2198
47 2199
17 2199
21 2200
7 2201
367 2202
431 2203
7 2204
7 2205
184 2206
230 2207
7 2208
432 2209
266 2210
31 2211
131 2212
21 2213
0 2213
667 2214
129 2215
84 2216
212 2217
433 2218
434 2218
115 2219
3 2219
435 2220
7 2221
3 2222
381 2223
81 2224
16 2225
130 2225
84 2226
7 2227
17 2228
667 2229
70 2230
266 2231
3 2232
426 2233
423 2234
81 2234
17 2235
229 2236
429 2236
5 2237
380 2238
129 2239
16 2240
4 2240
21 2241
0 2241
39 2241
224 2242
7 2243
590 2244
176 2245
418 2246
74 2247
7 2248
188 2249
16 2250
227 2250
124 2251
3 2252
127 2253
80 2253
436 2254
398 2255
31 2256
22 2257
422 2258
430 2259
82 2260
398 2261
454 2262
437 2263
226 2263
438 2263
47 2264
17 2264
381 2265
82 2266
7 2267
69 2268
3 2269
7 2270
5 2271
78 2272
45 2272
115 2273
26 2273
66 2274
230 2274
13 2275
108 2276
11 2277
3 2278
342 2279
329 2280
48 2281
114 2282
138 2282
354 2283
105 2284
108 2285
66 2286
108 2287
3 2288
105 2288
78 2289
45 2289
110 2290
308 2291
108 2291
62 2292
314 2293
13 2294
6 2295
1 2296
231 2296
454 2297
2 2298
3 2299
26 2300
1 2301
106 2302
342 2302
140 2303
446 2304
61 2305
77 2306
48 2306
130 2307
8 2308
342 2309
40 2310
576 2311
45 2312
636 2313
19 2314
0 2314
609 2315
2 2316
439 2317
13 2317
446 2318
45 2318
49 2319
4 2320
349 2321
7 2322
621 2323
19 2324
0 2324
629 2325
0 2325
105 2325
639 2326
13 2327
3 2328
45 2329
4 2330
62 2330
133 2331
134 2331
41 2332
8 2333
78 2334
314 2335
40 2336
7 2337
97 2338
232 2339
7 2340
4 2341
8 2342
454 2343
445 2343
40 2344
349 2345
63 2346
636 2347
3 2348
61 2349
13 2350
335 2350
208 2351
4 2352
106 2353
11 2354
7 2355
316 2356
576 2356
316 2357
326 2357
45 2358
7 2359
154 2360
63 2361
4 2362
11 2363
440 2364
76 2364
98 2365
78 2366
141 2367
233 2368
179 2369
316 2370
297 2371
600 2371
45 2371
108 2372
290 2373
61 2374
61 2375
61 2376
2 2377
441 2378
234 2378
4 2379
156 2380
447 2381
8 2382
235 2383
190 2383
442 2383
174 2384
613 2384
62 2385
43 2386
5 2386
576 2387
8 2388
43 2389
12 2389
626 2390
2 2391
28 2392
206 2392
356 2393
520 2394
451 2395
5 2396
105 2397
135 2398
61 2398
205 2399
3 2399
143 2400
29 2400
295 2400
8 2401
393 2401
236 2402
85 2402
62 2403
135 2404
1 2404
5 2404
7 2405
1 2406
157 2407
4 2408
13 2409
114 2409
0 2410
6 2411
26 2411
8 2412
108 2413
13 2414
41 2414
184 2415
143 2416
7 2417
300 2418
574 2419
97 2419
40 2420
341 2421
140 2422
207 2423
6 2424
61 2425
136 2426
137 2426
12 2426
4 2427
341 2428
208 2429
61 2430
458 2431
4 2432
141 2433
443 2434
24 2434
341 2435
13 2436
2 2437
115 2438
64 2439
28 2440
616 2441
341 2442
5 2443
234 2444
26 2445
6 2445
210 2445
629 2446
0 2446
105 2446
37 2447
446 2448
174 2449
261 2450
642 2451
115 2452
60 2453
44 2454
160 2455
444 2456
4 2457
41 2458
237 2459
107 2459
7 2460
84 2460
44 2461
11 2462
78 2463
63 2464
650 2465
572 2466
319 2467
108 2468
4 2469
7 2470
445 2471
121 2472
40 2473
2 2474
163 2475
114 2475
13 2475
138 2475
164 2475
174 2476
78 2477
386 2478
157 2479
38 2480
624 2481
13 2482
231 2483
3 2484
63 2484
4 2485
234 2486
61 2487
156 2488
65 2489
58 2490
208 2491
176 2491
157 2492
13 2493
4 2494
5 2495
354 2496
46 2496
37 2497
8 2498
238 2498
139 2498
578 2499
30 2500
5 2500
176 2501
61 2502
636 2503
7 2504
136 2505
7 2506
65 2507
38 2508
454 2509
2 2509
106 2510
2 2510
3 2510
30 2511
5 2511
15 2511
1 2511
40 2512
320 2512
114 2513
37 2514
38 2515
40 2516
11 2517
0 2518
61 2519
13 2520
244 2520
108 2521
341 2522
5 2523
235 2524
33 2525
5 2526
0 2527
13 2528
29 2529
143 2529
449 2530
13 2531
8 2532
10 2533
447 2534
65 2535
239 2536
293 2537
58 2538
298 2539
17 2540
446 2541
10 2542
7 2543
34 2543
45 2544
468 2544
5 2545
4 2546
104 2547
462 2548
11 2549
576 2550
178 2551
13 2552
115 2553
26 2553
599 2554
62 2555
32 2555
7 2556
4 2557
354 2558
46 2558
7 2559
354 2559
7 2560
7 2561
83 2562
446 2563
40 2564
320 2564
169 2565
206 2566
41 2567
447 2568
314 2569
63 2570
266 2571
188 2572
637 2572
11 2573
176 2574
44 2574
25 2575
349 2576
284 2577
0 2578
113 2579
615 2580
2 2581
40 2582
24 2583
157 2584
62 2585
208 2586
133 2587
134 2587
454 2588
4 2589
206 2590
41 2591
210 2592
456 2593
24 2593
234 2594
448 2595
186 2595
61 2596
467 2597
449 2598
210 2599
13 2599
40 2600
293 2601
50 2602
138 2603
4 2604
82 2605
13 2606
609 2606
2 2607
4 2608
172 2608
0 2609
179 2610
4 2611
37 2612
520 2612
450 2613
240 2614
241 2614
98 2615
64 2615
447 2616
63 2617
105 2617
183 2618
439 2619
45 2619
63 2620
115 2621
51 2622
242 2622
243 2622
48 2623
77 2623
171 2624
105 2624
234 2625
157 2626
446 2627
210 2627
447 2628
447 2629
52 2630
245 2631
10 2632
161 2632
360 2632
341 2633
266 2634
78 2635
45 2635
4 2636
4 2637
234 2638
37 2639
108 2640
109 2641
4 2642
19 2643
0 2643
6 2644
76 2645
2 2646
43 2647
12 2647
62 2648
451 2649
341 2650
108 2651
452 2652
12 2653
30 2653
83 2654
572 2655
24 2655
4 2656
454 2657
109 2658
4 2659
12 2660
45 2660
115 2661
1 2662
453 2663
50 2664
15 2664
5 2664
231 2665
1 2665
230 2665
65 2666
115 2667
174 2668
613 2668
184 2669
13 2670
576 2671
454 2672
615 2673
446 2674
136 2674
45 2674
184 2675
108 2675
8 2676
455 2677
456 2678
636 2679
121 2680
4 2681
600 2682
13 2682
316 2683
326 2683
4 2684
38 2685
121 2686
33 2687
639 2688
76 2689
8 2690
13 2691
210 2691
2 2692
390 2693
149 2693
61 2694
138 2695
8 2696
63 2697
65 2698
0 2699
63 2700
176 2700
615 2701
236 2702
85 2702
233 2703
457 2703
2 2704
621 2704
63 2705
2 2706
3 2707
50 2708
458 2709
140 2709
2 2710
573 2711
574 2711
575 2711
106 2712
342 2712
97 2713
105 2714
2 2715
2 2716
108 2716
0 2717
135 2718
459 2718
143 2719
17 2719
231 2720
13 2721
40 2722
13 2723
244 2723
459 2724
0 2724
10 2725
12 2726
45 2726
447 2727
314 2728
446 2728
607 2729
2 2730
115 2731
26 2731
51 2732
7 2733
7 2734
231 2735
447 2735
185 2736
191 2737
460 2737
192 2737
38 2738
0 2739
105 2739
134 2740
133 2740
37 2741
245 2741
214 2742
687 2743
424 2744
234 2745
461 2746
13 2746
7 2747
2 2748
164 2749
290 2750
316 2751
37 2752
245 2752
141 2753
1 2754
164 2755
114 2755
8 2756
1 2757
2 2758
108 2758
48 2759
0 2760
234 2761
97 2762
1 2762
10 2763
462 2764
98 2765
64 2765
6 2766
174 2766
446 2767
42 2768
2 2769
6 2770
140 2771
11 2772
78 2773
13 2774
3 2774
157 2774
115 2775
10 2776
463 2777
266 2778
626 2779
629 2780
0 2780
105 2780
234 2781
302 2782
13 2783
642 2784
354 2785
46 2785
206 2786
51 2787
185 2788
468 2789
84 2790
615 2791
2 2792
44 2793
97 2794
464 2795
41 2796
298 2797
4 2798
234 2799
450 2800
463 2801
45 2802
6 2803
236 2804
114 2805
4 2806
10 2807
316 2808
61 2809
13 2810
169 2810
49 2811
7 2812
61 2813
63 2814
465 2815
97 2816
3 2817
137 2818
5 2819
4 2820
600 2821
13 2821
141 2822
63 2823
61 2824
176 2825
4 2826
4 2827
208 2828
45 2829
443 2830
187 2831
138 2832
466 2833
189 2833
176 2834
106 2835
342 2835
42 2836
246 2837
6 2838
13 2839
459 2840
0 2840
637 2841
636 2841
15 2842
1 2842
40 2843
63 2844
142 2844
176 2845
63 2845
108 2846
458 2847
24 2848
349 2848
5 2849
141 2850
136 2851
12 2851
314 2852
459 2853
0 2853
210 2854
13 2854
356 2855
45 2856
7 2857
7 2858
84 2858
422 2859
7 2860
61 2861
293 2862
82 2863
176 2864
314 2865
176 2866
114 2867
45 2867
467 2868
106 2869
186 2870
45 2871
109 2872
51 2873
621 2873
106 2874
342 2874
351 2875
105 2876
2 2877
6 2878
3 2879
17 2880
2 2881
108 2881
464 2882
2 2883
29 2884
143 2884
576 2885
316 2885
52 2886
133 2887
108 2888
447 2889
142 2890
432 2891
342 2891
83 2892
61 2893
208 2894
452 2894
577 2895
59 2895
13 2896
439 2896
4 2897
468 2898
4 2899
52 2900
279 2901
341 2902
28 2903
51 2904
242 2904
243 2904
4 2905
78 2906
58 2907
6 2908
572 2909
456 2910
40 2911
142 2912
7 2913
61 2914
63 2915
176 2916
456 2917
13 2918
7 2919
7 2920
316 2921
576 2921
109 2922
165 2923
577 2924
49 2924
255 2925
3 2926
4 2927
62 2927
314 2928
1 2929
349 2930
578 2931
574 2932
63 2933
108 2933
115 2934
62 2935
230 2936
204 2937
37 2938
11 2939
357 2940
356 2940
572 2941
424 2942
30 2943
174 2944
615 2945
6 2946
106 2947
2 2948
577 2949
49 2949
236 2950
85 2950
78 2951
13 2952
11 2953
167 2954
168 2954
178 2955
129 2956
440 2957
468 2957
13 2958
335 2958
108 2959
61 2960
341 2961
279 2962
143 2963
10 2964
121 2965
1 2966
27 2967
138 2968
4 2969
61 2970
144 2971
135 2971
5 2971
142 2972
36 2973
186 2974
7 2975
547 2975
7 2976
59 2977
447 2978
52 2979
181 2980
469 2980
86 2980
470 2980
641 2981
25 2982
491 2983
25 2984
25 2985
367 2986
120 2987
252 2988
590 2989
152 2990
480 2991
25 2992
249 2993
501 2994
480 2995
482 2995
496 2996
396 2997
174 2998
25 2999
250 3000
247 3001
496 3002
88 3003
547 3004
256 3005
90 3006
504 3006
505 3006
496 3007
501 3008
88 3008
471 3009
247 3010
641 3011
471 3012
25 3013
473 3014
253 3015
488 3016
496 3017
25 3018
261 3019
641 3020
641 3021
547 3022
485 3023
507 3023
472 3024
547 3025
247 3026
247 3027
496 3028
152 3029
248 3030
473 3030
501 3031
252 3032
25 3033
25 3034
641 3035
253 3036
25 3037
412 3038
474 3039
475 3039
25 3040
590 3041
25 3042
25 3043
152 3044
87 3045
641 3046
471 3047
590 3048
88 3049
533 3050
476 3051
252 3052
641 3053
396 3054
249 3055
477 3056
63 3057
176 3057
31 3058
25 3059
63 3060
25 3061
547 3062
25 3063
478 3064
479 3064
25 3065
380 3065
152 3066
590 3067
146 3068
25 3069
88 3070
491 3071
641 3072
247 3073
473 3074
480 3075
481 3075
482 3075
424 3076
483 3077
250 3078
484 3079
485 3079
486 3080
253 3081
399 3082
247 3083
25 3084
252 3085
253 3086
498 3087
252 3088
641 3089
590 3090
632 3091
88 3092
25 3093
583 3094
250 3095
247 3096
25 3096
146 3097
253 3098
306 3099
496 3100
174 3101
613 3101
216 3102
86 3103
251 3104
90 3105
25 3106
485 3107
503 3108
25 3109
25 3110
88 3111
103 3112
25 3113
435 3114
480 3115
249 3116
590 3117
261 3118
506 3119
89 3120
367 3121
261 3122
641 3123
487 3124
247 3125
254 3126
247 3127
247 3128
253 3129
492 3130
247 3131
491 3132
547 3133
88 3134
2 3135
474 3136
250 3137
253 3138
488 3139
250 3140
156 3141
25 3142
249 3142
25 3143
7 3144
25 3145
25 3146
25 3147
25 3148
247 3149
489 3150
31 3150
573 3151
575 3151
590 3152
641 3153
251 3154
252 3154
412 3155
84 3156
228 3156
547 3157
374 3158
253 3159
253 3160
247 3161
491 3162
11 3163
27 3163
501 3164
4 3165
25 3166
46 3167
367 3168
25 3169
483 3170
120 3171
250 3172
247 3173
11 3174
153 3175
480 3176
248 3177
687 3178
25 3179
590 3180
253 3181
490 3182
145 3183
491 3184
145 3184
25 3185
471 3186
641 3187
25 3188
146 3189
86 3189
261 3190
120 3191
483 3192
480 3193
641 3194
301 3195
381 3196
492 3197
247 3198
493 3199
641 3200
443 3201
503 3202
590 3203
494 3204
203 3205
181 3206
590 3207
547 3208
152 3209
25 3210
687 3211
252 3212
547 3213
252 3214
247 3215
547 3216
31 3217
25 3217
252 3218
252 3219
256 3220
480 3221
25 3222
491 3222
25 3223
643 3224
152 3225
88 3226
251 3227
495 3228
25 3229
98 3230
41 3231
590 3231
152 3232
25 3233
252 3234
253 3235
641 3236
253 3237
496 3238
497 3239
473 3240
11 3241
254 3242
301 3243
152 3244
641 3245
483 3246
88 3246
382 3247
25 3248
498 3249
253 3250
499 3251
311 3252
500 3253
253 3254
189 3255
491 3256
480 3257
11 3258
27 3258
88 3259
501 3259
442 3260
590 3261
255 3262
502 3262
25 3262
108 3263
501 3264
88 3265
540 3266
483 3267
641 3268
249 3269
25 3270
249 3270
502 3271
503 3272
25 3273
256 3274
496 3275
590 3276
261 3277
88 3278
501 3278
247 3279
90 3280
504 3280
505 3280
506 3281
507 3282
485 3282
28 3283
641 3284
25 3285
412 3286
152 3287
25 3288
590 3289
153 3290
248 3291
152 3292
25 3293
247 3294
248 3295
590 3296
88 3297
117 3298
152 3299
138 3299
25 3300
506 3301
590 3302
25 3303
90 3304
247 3305
25 3306
88 3307
25 3308
247 3309
473 3310
507 3311
253 3312
62 3313
341 3314
253 3315
25 3316
25 3317
252 3318
508 3319
103 3320
88 3321
25 3322
491 3323
25 3323
508 3324
174 3325
590 3326
256 3327
509 3327
510 3327
496 3328
25 3329
11 3330
250 3331
259 3332
560 3333
383 3334
511 3335
92 3336
547 3337
257 3338
424 3339
658 3340
258 3341
512 3342
547 3343
265 3344
513 3345
37 3346
547 3347
557 3348
71 3349
18 3349
200 3350
626 3351
390 3352
673 3353
53 3354
54 3354
582 3355
514 3356
547 3357
147 3358
69 3359
9 3360
522 3360
515 3361
198 3362
268 3363
553 3364
512 3365
9 3366
516 3367
517 3368
35 3369
241 3369
539 3370
368 3371
148 3372
18 3373
57 3374
93 3375
93 3376
259 3377
306 3378
547 3379
424 3380
531 3381
518 3382
515 3383
561 3384
676 3384
91 3385
96 3386
626 3387
390 3388
271 3389
686 3390
93 3391
9 3392
368 3393
74 3394
270 3395
260 3396
547 3397
95 3398
93 3399
450 3400
268 3401
96 3401
656 3402
550 3403
539 3403
277 3404
562 3405
519 3406
261 3407
96 3408
520 3409
240 3410
517 3410
543 3411
96 3412
539 3413
258 3414
149 3415
556 3416
521 3417
673 3418
193 3419
522 3420
523 3421
283 3422
390 3422
127 3423
557 3424
118 3425
55 3426
82 3427
258 3428
559 3429
307 3430
55 3431
266 3432
122 3433
222 3434
96 3435
9 3436
574 3437
539 3438
260 3439
270 3440
545 3441
147 3442
97 3443
524 3444
563 3445
118 3446
92 3447
424 3448
567 3449
525 3450
92 3451
9 3452
93 3453
526 3454
69 3455
262 3456
84 3457
527 3458
263 3459
390 3460
148 3461
93 3462
92 3463
528 3464
200 3465
302 3466
553 3467
9 3468
281 3469
149 3469
95 3470
381 3471
529 3472
530 3472
371 3473
304 3473
547 3474
254 3475
547 3476
118 3477
56 3478
549 3479
74 3480
72 3480
672 3481
567 3482
96 3483
656 3484
9 3485
53 3486
54 3486
498 3487
531 3488
56 3489
515 3490
35 3491
254 3492
159 3493
257 3494
264 3495
547 3496
523 3497
118 3498
275 3499
55 3500
18 3501
150 3502
94 3502
525 3503
198 3504
93 3505
151 3506
532 3506
302 3507
550 3508
380 3509
688 3510
265 3511
35 3512
95 3513
557 3514
56 3515
69 3516
663 3517
69 3518
383 3519
138 3520
18 3520
261 3521
533 3522
307 3523
92 3524
118 3525
656 3526
543 3527
554 3528
35 3529
95 3530
688 3531
7 3532
683 3533
260 3534
534 3535
259 3536
198 3537
96 3538
152 3539
535 3540
95 3540
35 3541
679 3542
390 3543
118 3544
547 3545
536 3546
537 3546
308 3547
547 3548
538 3549
95 3550
683 3551
229 3552
587 3553
515 3554
55 3555
553 3556
539 3557
271 3558
517 3559
673 3560
241 3561
679 3562
266 3563
92 3564
9 3565
215 3566
9 3567
412 3568
95 3569
119 3570
540 3571
195 3571
267 3572
268 3572
202 3573
684 3574
312 3575
96 3576
541 3577
383 3578
675 3579
9 3580
74 3581
92 3582
413 3583
673 3584
267 3585
268 3585
536 3586
413 3587
658 3587
199 3588
538 3589
151 3590
263 3591
542 3591
641 3592
119 3593
559 3594
7 3595
543 3596
53 3597
54 3597
265 3598
626 3599
308 3600
268 3601
96 3601
265 3602
670 3603
119 3604
269 3605
517 3606
383 3607
677 3608
673 3609
273 3610
119 3611
312 3612
544 3613
545 3614
257 3615
35 3616
9 3617
546 3618
547 3618
18 3619
270 3620
548 3621
9 3622
304 3623
271 3624
549 3624
53 3625
675 3626
258 3627
18 3628
657 3629
560 3630
538 3631
515 3632
200 3632
550 3633
193 3634
229 3635
31 3636
148 3637
258 3638
551 3639
87 3640
557 3641
148 3642
146 3643
86 3643
553 3644
258 3645
552 3646
272 3647
95 3648
91 3649
151 3650
70 3651
553 3652
55 3653
270 3654
9 3655
54 3656
457 3657
267 3658
257 3659
96 3660
390 3661
555 3662
620 3663
36 3664
531 3665
390 3666
9 3667
554 3668
72 3669
555 3670
56 3671
59 3672
57 3673
56 3674
9 3674
385 3675
91 3676
96 3677
305 3678
55 3679
435 3680
270 3681
680 3682
547 3683
117 3684
56 3685
18 3686
661 3687
56 3688
53 3689
54 3689
56 3690
16 3691
53 3692
273 3693
254 3694
153 3695
274 3695
9 3696
202 3696
18 3697
556 3698
119 3699
553 3700
681 3701
557 3702
56 3703
670 3704
675 3705
95 3706
31 3707
116 3707
149 3708
558 3708
55 3709
275 3709
222 3710
545 3711
96 3712
558 3713
9 3714
151 3715
86 3716
146 3716
566 3717
195 3718
260 3718
412 3719
268 3719
96 3719
7 3720
559 3721
148 3722
618 3723
275 3724
118 3725
527 3726
31 3727
275 3728
281 3729
149 3729
265 3730
56 3731
276 3732
523 3733
35 3734
560 3734
57 3734
561 3734
262 3734
56 3735
9 3736
562 3736
118 3737
563 3738
564 3738
9 3739
7 3740
277 3741
584 3742
176 3743
63 3743
23 3744
200 3745
118 3746
74 3747
95 3748
151 3749
383 3750
562 3751
281 3752
149 3752
92 3753
148 3754
69 3755
56 3756
390 3757
668 3758
193 3759
119 3759
96 3760
282 3761
626 3762
550 3763
390 3764
95 3765
538 3766
565 3767
261 3768
222 3769
565 3770
549 3771
92 3771
260 3772
553 3773
560 3774
543 3775
95 3776
306 3777
96 3778
93 3779
194 3780
574 3781
369 3782
566 3783
265 3784
53 3785
54 3785
202 3786
95 3787
268 3788
278 3789
258 3790
23 3791
554 3792
549 3793
549 3794
57 3795
54 3796
275 3797
567 3798
119 3799
193 3799
553 3800
548 3801
383 3802
287 3803
532 3804
93 3805
677 3806
561 3807
676 3807
282 3808
368 3809
56 3810
265 3811
568 3812
666 3813
539 3814
383 3815
644 3816
569 3817
389 3818
549 3819
9 3820
63 3821
275 3822
56 3823
686 3824
96 3824
53 3825
54 3825
56 3826
554 3827
570 3828
56 3829
239 3830
108 3831
390 3832
97 3833
13 3834
58 3835
279 3836
78 3837
24 3838
58 3839
577 3840
138 3841
18 3842
576 3843
177 3844
447 3844
574 3845
573 3846
574 3846
575 3846
390 3847
58 3848
280 3849
138 3850
154 3851
520 3852
2 3853
1 3854
143 3855
281 3856
149 3856
18 3857
138 3858
390 3859
464 3860
24 3861
97 3861
43 3862
12 3862
97 3863
447 3864
106 3865
342 3865
281 3866
149 3866
3 3867
49 3868
2 3869
24 3869
390 3870
113 3871
1 3872
97 3873
388 3874
390 3875
232 3876
58 3876
154 3877
1 3877
234 3878
1 3878
4 3879
106 3880
342 3880
19 3881
0 3881
138 3882
121 3883
621 3884
48 3885
209 3885
97 3886
209 3887
115 3888
138 3889
184 3890
576 3891
138 3892
342 3893
281 3894
149 3894
154 3895
12 3896
621 3896
121 3897
105 3897
58 3898
649 3899
4 3900
138 3901
390 3902
154 3903
576 3904
59 3905
49 3905
178 3906
577 3907
49 3907
577 3908
49 3908
571 3909
572 3910
12 3911
97 3911
621 3911
577 3912
59 3912
49 3912
339 3913
178 3913
154 3914
5 3915
24 3916
58 3917
4 3918
573 3919
574 3919
575 3919
102 3920
103 3920
6 3921
15 3922
97 3922
1 3922
58 3923
143 3924
106 3925
97 3926
232 3927
395 3928
81 3928
129 3929
59 3930
49 3930
283 3931
97 3932
97 3933
601 3934
157 3935
576 3936
615 3937
576 3938
137 3939
390 3940
234 3941
58 3942
576 3943
59 3944
390 3945
105 3946
579 3946
282 3947
58 3948
300 3949
574 3950
59 3951
49 3951
136 3952
49 3952
58 3953
58 3954
97 3955
390 3956
4 3957
143 3958
97 3959
15 3960
1 3960
138 3961
1 3961
24 3962
83 3963
52 3964
302 3965
84 3966
616 3967
281 3968
149 3968
58 3969
15 3970
1 3970
149 3971
37 3972
454 3973
447 3974
342 3975
576 3976
138 3977
454 3978
616 3979
97 3980
2 3981
142 3982
4 3983
97 3984
621 3984
162 3985
207 3986
118 3987
138 3988
178 3989
390 3990
58 3991
572 3992
24 3992
12 3993
45 3993
65 3994
621 3995
280 3996
283 3997
571 3998
10 3999
232 4000
386 4001
5 4002
577 4003
58 4004
564 4005
209 4006
342 4007
1 4008
390 4009
18 4010
24 4011
85 4012
15 4013
1 4013
59 4014
577 4014
445 4015
211 4016
577 4016
59 4016
43 4017
97 4017
1 4017
5 4017
454 4018
58 4019
342 4020
121 4021
138 4022
564 4023
232 4024
58 4024
36 4025
49 4026
59 4027
58 4028
232 4029
58 4029
281 4030
149 4030
457 4031
621 4032
231 4032
447 4032
390 4033
232 4034
232 4035
59 4036
154 4037
24 4038
349 4039
97 4040
390 4041
454 4042
314 4043
576 4044
59 4045
49 4045
121 4046
22 4046
284 4047
293 4048
97 4049
174 4050
564 4051
571 4052
138 4053
2 4054
12 4054
97 4055
149 4056
157 4057
576 4058
342 4059
621 4060
51 4061
138 4062
178 4063
59 4064
13 4065
63 4066
176 4066
142 4066
5 4067
24 4068
574 4069
342 4070
279 4071
2 4072
24 4072
12 4072
231 4073
390 4074
97 4075
51 4076
97 4077
1 4077
390 4078
4 4079
3 4080
205 4080
24 4081
232 4082
58 4082
279 4083
58 4084
49 4085
59 4086
49 4087
65 4088
578 4089
564 4090
1 4091
4 4092
49 4093
97 4094
232 4095
281 4096
149 4096
5 4097
281 4098
149 4098
97 4099
84 4100
177 4101
447 4101
576 4102
65 4103
302 4104
574 4105
52 4106
447 4107
97 4108
178 4109
58 4110
59 4111
234 4112
579 4113
97 4114
97 4115
59 4116
3 4117
386 4118
3 4118
58 4119
58 4120
577 4121
49 4121
209 4122
390 4123
5 4124
390 4125
138 4126
4 4127
12 4128
45 4128
390 4129
138 4130
621 4131
24 4132
24 4133
232 4134
58 4134
97 4135
621 4135
577 4136
286 4137
589 4138
589 4139
286 4140
155 4141
91 4141
287 4142
286 4143
585 4144
91 4145
659 4146
658 4146
286 4147
587 4148
287 4149
287 4150
287 4151
91 4152
585 4153
91 4154
580 4155
3 4156
286 4156
287 4157
287 4158
91 4159
286 4160
287 4161
155 4162
91 4163
286 4164
588 4165
287 4166
287 4167
589 4168
287 4169
581 4170
188 4171
285 4172
286 4173
287 4174
286 4175
287 4176
286 4177
583 4178
582 4179
285 4180
91 4181
585 4182
286 4183
91 4183
91 4184
285 4185
91 4186
287 4187
638 4188
287 4189
585 4190
583 4191
659 4192
658 4193
659 4193
659 4194
590 4195
659 4196
286 4197
580 4198
286 4199
585 4200
584 4201
287 4202
82 4203
155 4204
585 4204
585 4205
91 4206
287 4207
659 4208
91 4209
91 4210
586 4211
287 4212
589 4213
587 4214
286 4215
588 4216
590 4217
590 4218
72 4219
585 4220
513 4221
588 4222
286 4223
91 4224
585 4225
287 4225
547 4226
286 4227
287 4228
659 4229
585 4230
588 4231
309 4232
588 4233
583 4234
287 4235
287 4236
286 4237
586 4238
287 4239
589 4240
155 4241
287 4242
286 4243
585 4244
513 4244
287 4245
188 4246
583 4247
513 4248
272 4249
287 4250
287 4251
287 4252
121 4253
91 4254
287 4255
286 4256
590 4257
590 4258
91 4259
286 4260
659 4261
287 4262
659 4263
659 4264
658 4264
287 4265
659 4266
91 4267
589 4268
287 4269
286 4270
590 4271
286 4272
155 4273
91 4273
591 4274
585 4275
287 4276
36 4277
66 4278
45 4279
78 4279
8 4280
63 4281
61 4282
636 4283
140 4284
100 4285
8 4286
292 4287
33 4288
590 4289
342 4290
140 4291
40 4292
103 4293
26 4294
302 4295
2 4296
3 4296
41 4297
1 4298
98 4299
636 4300
33 4301
234 4302
41 4303
61 4304
399 4305
447 4306
8 4307
592 4308
61 4308
62 4309
4 4310
237 4311
107 4311
2 4312
7 4313
8 4314
105 4315
317 4316
156 4317
7 4318
610 4319
65 4320
230 4321
115 4322
108 4323
33 4324
2 4324
40 4325
601 4326
143 4327
7 4328
41 4328
164 4329
40 4330
8 4331
288 4332
108 4333
82 4334
246 4335
390 4336
108 4337
181 4338
108 4339
440 4340
357 4341
356 4341
10 4342
3 4343
30 4344
356 4345
356 4346
28 4347
38 4347
77 4348
188 4349
189 4350
288 4351
289 4351
316 4352
349 4352
127 4353
4 4354
140 4355
40 4356
342 4357
621 4358
341 4359
11 4360
241 4361
184 4361
314 4362
139 4363
8 4363
606 4364
185 4365
255 4366
238 4367
8 4367
108 4368
454 4369
3 4370
464 4371
7 4372
127 4373
391 4374
184 4375
294 4376
38 4377
41 4378
108 4378
8 4379
293 4380
45 4381
98 4382
82 4383
104 4384
84 4385
564 4385
386 4386
636 4387
51 4388
51 4389
637 4390
356 4391
650 4392
108 4393
615 4394
284 4395
28 4396
20 4397
38 4398
85 4399
136 4400
593 4400
4 4401
11 4402
290 4403
76 4403
5 4404
2 4405
288 4406
289 4406
40 4407
61 4408
4 4409
625 4410
4 4411
62 4411
11 4412
279 4413
143 4414
291 4415
85 4415
78 4416
2 4417
12 4417
2 4418
106 4418
342 4418
82 4419
356 4420
303 4421
142 4422
149 4423
594 4424
636 4425
29 4426
11 4426
27 4426
236 4427
85 4427
108 4428
61 4429
26 4430
7 4431
109 4432
129 4433
176 4434
354 4435
115 4436
3 4436
329 4437
356 4438
617 4439
156 4440
34 4441
142 4442
98 4443
328 4444
108 4445
18 4446
4 4447
447 4448
63 4449
41 4450
76 4451
76 4452
394 4453
51 4454
292 4455
595 4455
596 4456
7 4457
293 4458
354 4459
8 4460
62 4461
281 4462
149 4462
314 4463
597 4464
302 4465
40 4466
66 4467
7 4468
598 4469
0 4470
615 4471
322 4472
234 4473
7 4474
66 4475
100 4476
21 4477
50 4478
5 4478
45 4479
5 4480
447 4481
156 4482
664 4483
98 4484
351 4484
20 4485
11 4486
635 4487
3 4487
13 4488
335 4488
2 4489
110 4490
356 4491
687 4492
66 4493
21 4494
0 4494
157 4495
4 4496
16 4496
650 4497
121 4498
6 4499
41 4500
62 4501
4 4502
157 4503
40 4504
447 4505
576 4506
61 4507
574 4508
452 4509
447 4510
6 4511
19 4512
0 4512
599 4513
13 4514
335 4514
197 4515
454 4516
2 4517
386 4518
185 4519
348 4519
0 4520
3 4521
41 4522
356 4523
61 4524
1 4525
185 4526
184 4527
105 4528
66 4529
180 4530
2 4530
3 4530
22 4531
78 4532
185 4533
64 4533
600 4534
314 4535
183 4536
133 4537
314 4538
178 4539
135 4540
61 4540
612 4541
452 4542
601 4543
294 4544
40 4544
11 4545
7 4546
598 4547
105 4548
292 4549
602 4550
603 4550
188 4551
604 4552
45 4553
458 4554
3 4555
234 4556
167 4557
168 4557
293 4558
106 4559
606 4560
394 4561
447 4562
109 4563
44 4563
0 4564
176 4564
314 4565
176 4566
605 4567
10 4568
4 4569
19 4570
2 4570
0 4570
44 4571
63 4572
176 4572
394 4573
290 4574
610 4575
143 4576
295 4576
293 4577
354 4578
46 4578
447 4579
7 4580
10 4581
303 4582
105 4583
296 4584
606 4584
205 4585
296 4586
298 4587
4 4588
140 4589
297 4590
356 4591
314 4592
454 4593
18 4594
356 4595
63 4596
108 4596
576 4597
63 4598
109 4599
82 4600
61 4601
7 4602
205 4603
156 4604
5 4605
7 4606
45 4607
404 4608
4 4609
10 4610
62 4611
572 4612
27 4613
7 4614
298 4615
607 4615
76 4615
11 4616
11 4617
616 4618
40 4619
98 4620
354 4621
8 4622
291 4623
394 4624
0 4625
105 4626
10 4627
576 4628
7 4629
176 4630
447 4631
3 4632
121 4633
157 4634
29 4635
11 4635
11 4636
18 4637
185 4638
98 4638
447 4639
83 4640
89 4641
636 4642
432 4643
314 4644
82 4645
293 4646
547 4647
62 4648
13 4649
7 4650
0 4651
105 4651
639 4652
615 4653
84 4654
110 4655
24 4656
121 4657
3 4658
84 4659
40 4660
63 4661
454 4662
102 4663
38 4664
253 4665
98 4666
349 4667
608 4668
176 4669
11 4670
62 4671
4 4672
108 4673
288 4674
289 4674
255 4675
311 4676
7 4677
108 4678
98 4679
64 4679
173 4680
356 4681
2 4682
7 4683
572 4684
2 4685
61 4686
294 4687
356 4688
84 4689
7 4689
41 4690
171 4691
105 4691
82 4692
261 4693
303 4694
615 4695
63 4696
0 4697
15 4698
1 4698
78 4699
39 4700
21 4700
0 4700
612 4701
185 4702
639 4703
542 4704
90 4705
314 4706
144 4707
8 4708
62 4709
342 4710
615 4711
98 4712
64 4712
21 4713
7 4713
4 4714
4 4715
316 4716
121 4717
19 4717
316 4718
62 4719
37 4720
78 4721
38 4721
609 4722
302 4723
207 4724
211 4725
48 4725
447 4726
447 4727
98 4728
44 4729
542 4730
299 4731
300 4731
189 4732
392 4732
238 4733
606 4734
2 4735
38 4736
185 4737
102 4738
454 4739
0 4740
636 4741
447 4742
610 4743
354 4744
357 4745
356 4745
50 4746
5 4746
458 4747
8 4748
65 4749
266 4750
615 4751
108 4752
4 4753
16 4753
156 4754
206 4755
189 4755
121 4756
78 4757
45 4757
106 4758
0 4759
105 4759
61 4760
63 4761
281 4762
77 4762
386 4763
611 4764
612 4764
129 4765
62 4766
261 4767
76 4768
354 4769
28 4770
637 4771
576 4772
140 4773
76 4774
7 4775
60 4776
342 4777
184 4778
41 4779
98 4780
185 4780
445 4781
342 4781
11 4782
303 4782
8 4783
4 4784
7 4785
141 4786
64 4787
172 4788
114 4789
2 4790
8 4791
452 4792
450 4793
572 4794
316 4795
576 4795
298 4796
0 4797
2 4798
108 4798
604 4799
121 4800
230 4801
0 4802
115 4803
636 4804
3 4805
298 4806
44 4807
61 4808
356 4809
347 4810
297 4811
356 4812
178 4813
0 4814
84 4815
81 4815
41 4816
65 4817
341 4818
156 4819
106 4820
106 4821
342 4821
3 4822
0 4823
234 4824
687 4825
613 4826
632 4827
2 4828
614 4829
101 4830
615 4831
303 4832
11 4833
302 4834
443 4835
178 4836
28 4837
24 4838
314 4839
63 4840
3 4840
103 4841
167 4842
29 4843
143 4843
295 4843
103 4844
633 4845
7 4846
142 4847
186 4848
65 4849
78 4849
2 4850
354 4851
10 4852
316 4853
121 4854
208 4855
5 4856
4 4857
51 4857
0 4858
81 4859
395 4859
279 4860
76 4861
281 4862
149 4862
129 4863
177 4864
11 4865
602 4866
41 4867
445 4868
1 4868
2 4869
184 4870
314 4871
49 4872
140 4873
386 4874
34 4875
106 4876
342 4876
98 4877
140 4878
616 4879
185 4880
617 4881
105 4882
176 4883
20 4884
8 4885
63 4886
446 4887
5 4888
108 4889
290 4890
572 4891
573 4892
64 4893
63 4894
5 4895
6 4896
108 4897
142 4898
576 4899
564 4900
629 4901
0 4901
7 4902
98 4903
64 4903
148 4904
618 4904
342 4905
255 4906
8 4907
1 4908
619 4909
620 4909
636 4910
351 4911
443 4912
63 4913
61 4914
636 4915
106 4916
3 4916
621 4917
622 4918
45 4918
238 4919
60 4920
143 4921
45 4922
164 4923
7 4924
447 4925
298 4926
109 4927
575 4928
4 4929
76 4930
523 4931
182 4932
38 4932
636 4933
141 4934
7 4935
185 4936
65 4937
8 4938
230 4939
208 4939
314 4940
623 4941
4 4942
28 4943
38 4943
186 4944
293 4945
51 4946
622 4947
27 4948
6 4949
576 4950
29 4951
11 4951
443 4952
61 4953
393 4954
8 4954
7 4955
10 4956
5 4957
178 4958
293 4959
6 4960
7 4961
41 4962
144 4963
7 4964
230 4965
647 4966
34 4967
7 4967
303 4968
7 4969
76 4970
38 4971
438 4972
45 4973
439 4973
4 4974
8 4975
322 4976
248 4977
4 4978
235 4979
108 4980
176 4981
234 4982
230 4983
572 4984
7 4985
636 4986
3 4987
8 4988
636 4989
176 4990
8 4991
191 4992
63 4993
624 4994
642 4995
5 4996
125 4997
22 4997
44 4998
447 4999
230 5000
576 5001
208 5002
0 5003
11 5004
82 5005
40 5006
8 5007
0 5008
625 5009
314 5010
7 5011
314 5012
11 5013
630 5014
626 5015
341 5016
4 5017
8 5018
41 5019
11 5020
76 5021
233 5022
618 5023
148 5023
78 5024
140 5025
108 5026
610 5027
13 5028
105 5029
422 5030
593 5031
207 5032
65 5033
5 5033
279 5034
341 5035
316 5036
349 5036
127 5037
266 5038
48 5039
77 5039
21 5040
0 5040
7 5041
4 5042
185 5043
98 5043
6 5044
11 5045
46 5046
293 5047
109 5048
82 5049
108 5049
76 5050
141 5051
67 5052
68 5052
8 5052
636 5053
11 5054
27 5054
293 5055
157 5056
614 5057
244 5058
627 5059
11 5060
27 5060
140 5061
121 5062
610 5063
63 5064
448 5065
156 5066
13 5067
3 5068
498 5069
8 5070
447 5071
0 5072
604 5073
290 5074
603 5075
7 5076
319 5077
572 5078
356 5079
41 5080
604 5080
108 5081
110 5081
356 5082
615 5083
576 5084
10 5085
628 5086
2 5087
450 5088
390 5089
106 5090
342 5090
341 5091
341 5092
63 5093
10 5094
617 5095
7 5096
446 5097
210 5097
84 5098
547 5098
636 5099
1 5100
50 5100
629 5101
0 5101
105 5101
8 5102
342 5103
316 5104
43 5105
349 5106
456 5107
13 5108
341 5109
84 5110
230 5111
20 5112
24 5113
233 5114
2 5115
12 5115
7 5116
108 5117
8 5118
63 5119
114 5120
452 5120
630 5121
631 5122
36 5123
143 5124
141 5125
349 5126
644 5127
14 5128
122 5128
8 5129
443 5130
473 5131
25 5132
413 5133
208 5134
102 5135
188 5136
473 5137
572 5138
662 5139
121 5140
63 5141
176 5141
25 5142
0 5143
590 5144
496 5145
208 5146
25 5147
380 5147
652 5148
303 5148
651 5149
105 5150
142 5150
303 5151
252 5152
643 5153
547 5154
469 5155
252 5156
8 5157
25 5158
14 5159
590 5160
301 5161
650 5162
632 5163
633 5164
205 5165
634 5166
210 5167
139 5168
8 5168
491 5169
120 5169
547 5170
590 5170
25 5171
253 5171
496 5172
36 5173
185 5174
98 5174
252 5175
90 5176
152 5177
604 5178
635 5179
3 5179
5 5180
205 5181
3 5181
391 5182
3 5183
643 5184
98 5185
64 5185
349 5186
7 5187
7 5188
300 5189
99 5190
356 5191
651 5192
184 5193
82 5194
108 5194
52 5195
617 5196
25 5197
303 5198
331 5199
129 5200
533 5201
291 5202
85 5202
576 5203
97 5204
247 5205
636 5206
637 5206
166 5207
638 5208
597 5209
64 5210
221 5211
11 5212
639 5213
301 5214
3 5215
189 5216
25 5217
533 5218
496 5219
299 5220
300 5220
641 5221
99 5222
153 5223
25 5224
252 5225
392 5226
41 5226
7 5226
29 5227
140 5228
20 5229
245 5230
571 5231
60 5231
25 5232
615 5233
252 5234
443 5235
84 5236
127 5237
640 5238
278 5238
178 5239
153 5240
274 5240
20 5241
214 5241
110 5242
354 5243
36 5244
473 5245
221 5246
590 5247
99 5248
41 5249
45 5250
590 5251
152 5252
261 5253
25 5254
224 5255
25 5256
8 5257
252 5258
3 5259
641 5260
32 5260
389 5261
7 5262
642 5263
634 5264
8 5265
354 5266
353 5266
127 5267
80 5267
189 5268
52 5269
121 5270
64 5271
98 5271
14 5272
627 5273
99 5273
64 5274
185 5274
46 5275
76 5276
621 5277
98 5278
25 5279
621 5280
98 5281
64 5281
354 5282
0 5283
52 5284
291 5285
354 5286
129 5287
473 5288
11 5289
29 5289
604 5290
253 5291
210 5292
464 5292
446 5292
3 5293
261 5294
25 5295
353 5296
590 5297
7 5298
98 5298
278 5299
184 5300
11 5301
8 5302
590 5303
105 5304
89 5305
302 5306
84 5307
251 5308
25 5309
142 5310
322 5311
443 5312
374 5312
251 5313
204 5314
11 5315
27 5315
261 5316
7 5317
141 5318
1 5319
547 5320
252 5321
7 5322
575 5323
574 5323
7 5324
84 5324
302 5325
8 5326
643 5327
276 5328
547 5329
3 5330
540 5331
8 5332
89 5333
25 5334
590 5335
25 5336
354 5337
353 5337
25 5338
66 5339
25 5340
249 5340
8 5341
129 5342
208 5343
109 5344
25 5345
84 5346
178 5347
473 5348
261 5349
21 5350
129 5351
7 5352
11 5353
98 5354
3 5355
185 5356
301 5357
253 5358
82 5359
8 5360
386 5361
206 5362
189 5362
298 5363
230 5364
641 5365
108 5366
291 5367
3 5368
63 5368
380 5369
132 5370
638 5371
488 5372
11 5373
25 5374
289 5375
547 5376
185 5377
252 5378
459 5379
0 5379
141 5380
38 5381
578 5382
356 5382
25 5383
60 5384
301 5385
90 5386
381 5387
88 5388
62 5389
643 5390
644 5391
24 5392
82 5393
35 5394
650 5395
645 5396
46 5397
46 5398
645 5399
646 5399
643 5400
356 5401
140 5402
647 5402
8 5403
97 5404
52 5405
648 5406
16 5407
98 5408
64 5408
184 5409
185 5410
253 5411
641 5412
11 5413
341 5414
25 5415
11 5416
252 5417
261 5418
89 5419
177 5420
341 5421
302 5422
25 5423
84 5424
496 5425
98 5426
89 5427
46 5428
189 5429
11 5430
302 5431
25 5432
177 5433
547 5434
156 5435
11 5436
36 5437
251 5438
540 5439
253 5440
185 5441
125 5442
22 5442
2 5443
41 5444
98 5445
322 5446
108 5447
34 5448
87 5449
303 5450
145 5451
649 5452
29 5452
11 5452
27 5452
547 5453
8 5454
204 5455
43 5456
82 5457
624 5458
73 5459
152 5460
647 5461
254 5462
31 5463
210 5464
62 5465
206 5466
41 5467
349 5468
98 5469
7 5470
293 5471
302 5472
7 5473
52 5474
84 5475
252 5476
7 5477
188 5478
650 5479
67 5480
68 5480
8 5480
470 5481
8 5482
576 5483
648 5484
8 5485
299 5486
300 5486
156 5487
261 5488
108 5489
49 5490
533 5491
185 5492
98 5492
97 5493
650 5494
239 5495
90 5496
640 5497
278 5497
11 5498
208 5499
41 5499
651 5500
301 5501
11 5502
27 5502
261 5503
447 5504
89 5505
11 5506
8 5507
7 5508
652 5509
303 5509
205 5510
210 5511
68 5512
67 5512
8 5512
76 5513
38 5514
25 5515
266 5516
435 5517
653 5518
293 5519
140 5520
36 5521
153 5522
34 5523
3 5524
3 5525
84 5526
21 5527
410 5528
7 5529
547 5530
177 5531
209 5532
287 5533
21 5534
47 5535
384 5536
7 5537
221 5538
0 5539
7 5540
22 5541
0 5542
129 5543
285 5544
230 5545
31 5546
447 5547
623 5548
84 5549
0 5550
123 5551
84 5552
575 5553
229 5554
575 5555
79 5556
303 5557
84 5558
69 5559
7 5560
7 5561
3 5562
3 5563
291 5564
266 5565
379 5566
74 5567
199 5568
177 5569
209 5570
7 5571
379 5572
3 5573
221 5574
142 5575
447 5576
129 5577
413 5578
21 5579
342 5580
266 5581
84 5582
199 5583
14 5584
79 5585
41 5586
82 5587
129 5588
21 5589
7 5590
7 5591
121 5592
0 5593
7 5594
0 5594
7 5595
285 5596
21 5597
0 5598
3 5599
84 5600
3 5601
121 5602
266 5603
98 5604
98 5605
3 5606
0 5607
7 5608
3 5609
3 5610
69 5611
84 5612
21 5612
370 5613
547 5614
659 5615
353 5616
291 5617
405 5618
408 5619
659 5620
52 5621
79 5622
408 5623
52 5624
159 5625
681 5626
681 5627
35 5628
660 5629
672 5630
159 5631
341 5632
57 5633
35 5634
529 5635
265 5636
215 5637
35 5638
148 5639
618 5640
94 5641
665 5642
665 5643
671 5644
413 5645
658 5645
35 5646
118 5647
560 5648
560 5649
341 5650
35 5651
240 5652
57 5652
665 5653
582 5654
666 5655
95 5656
671 5657
517 5658
23 5659
151 5660
96 5661
547 5662
680 5663
266 5664
72 5665
547 5666
277 5667
69 5668
56 5669
118 5670
304 5671
553 5672
57 5673
92 5674
69 5675
544 5676
2 5677
56 5678
435 5679
535 5680
69 5680
148 5681
200 5682
281 5683
654 5684
565 5685
159 5686
258 5687
96 5688
193 5689
275 5690
96 5691
98 5692
547 5693
547 5694
536 5695
537 5695
660 5696
150 5697
94 5697
116 5698
31 5698
281 5699
149 5699
655 5700
94 5700
367 5701
9 5702
56 5703
92 5704
282 5705
544 5706
118 5707
151 5708
241 5709
69 5710
657 5711
92 5711
57 5712
368 5713
668 5714
275 5715
269 5716
555 5717
547 5718
675 5719
95 5720
93 5721
304 5722
9 5723
269 5724
118 5725
266 5726
663 5727
656 5728
31 5728
116 5728
127 5729
127 5730
18 5731
222 5732
96 5733
193 5734
539 5735
683 5736
9 5737
202 5737
368 5738
305 5739
306 5739
382 5740
56 5741
675 5742
265 5743
96 5744
56 5745
94 5746
662 5747
150 5748
94 5748
120 5749
148 5750
682 5751
69 5751
229 5752
549 5753
687 5754
119 5755
412 5756
119 5757
661 5758
545 5759
657 5760
92 5760
560 5761
547 5762
547 5763
158 5764
72 5765
369 5766
69 5767
258 5768
35 5769
304 5770
658 5771
659 5771
560 5772
277 5773
265 5774
95 5775
222 5776
9 5776
148 5777
547 5778
75 5779
118 5780
56 5781
16 5782
560 5783
9 5784
9 5785
368 5786
539 5787
563 5788
660 5789
681 5790
148 5791
618 5791
675 5792
271 5793
685 5794
69 5795
668 5796
271 5797
547 5798
18 5799
138 5799
36 5800
56 5801
560 5802
254 5803
549 5804
92 5804
147 5805
18 5806
93 5807
257 5807
147 5808
688 5809
9 5810
9 5811
309 5812
547 5813
9 5814
96 5815
240 5816
241 5816
99 5817
674 5818
307 5819
308 5819
661 5820
56 5821
152 5822
281 5823
149 5823
148 5824
673 5825
674 5825
419 5826
549 5827
662 5828
99 5829
94 5830
368 5831
56 5832
367 5833
31 5834
159 5835
258 5836
369 5837
677 5838
119 5839
193 5840
681 5841
658 5842
659 5842
563 5843
9 5844
56 5844
95 5845
563 5846
96 5847
663 5848
664 5849
618 5850
148 5850
56 5851
151 5852
560 5853
35 5854
556 5855
57 5856
549 5857
549 5858
222 5859
158 5860
369 5861
148 5862
9 5863
72 5864
150 5865
82 5866
72 5867
118 5868
261 5869
74 5870
94 5871
87 5872
119 5873
201 5874
92 5875
264 5876
56 5877
193 5878
69 5879
9 5880
56 5881
665 5882
666 5882
514 5883
152 5884
287 5885
9 5886
520 5887
149 5888
658 5889
659 5889
56 5890
193 5891
547 5892
547 5893
9 5894
92 5895
119 5896
23 5897
241 5898
160 5899
626 5900
265 5901
626 5902
271 5903
18 5904
667 5905
9 5906
71 5906
160 5907
266 5908
283 5909
56 5910
547 5911
668 5912
56 5913
31 5914
96 5915
56 5916
118 5917
119 5918
560 5918
302 5919
654 5920
679 5921
669 5922
670 5922
282 5923
36 5924
413 5925
16 5926
56 5927
57 5928
193 5929
92 5930
547 5931
308 5932
531 5933
199 5934
517 5935
57 5936
57 5937
18 5938
309 5939
258 5940
671 5941
672 5941
373 5942
553 5943
71 5944
56 5945
673 5946
674 5946
618 5947
547 5948
122 5949
149 5950
56 5951
304 5952
549 5953
35 5954
304 5955
670 5956
271 5957
9 5958
55 5959
380 5960
270 5961
683 5962
260 5963
390 5964
554 5965
260 5966
670 5967
257 5967
31 5968
373 5969
273 5970
160 5971
119 5972
147 5973
151 5974
304 5975
305 5976
306 5976
57 5977
281 5978
71 5979
18 5979
673 5980
151 5981
265 5982
511 5983
309 5984
117 5985
72 5986
561 5987
676 5987
72 5988
675 5989
515 5990
258 5991
57 5992
69 5993
96 5994
53 5995
54 5995
676 5995
372 5996
381 5997
74 5998
379 5998
280 5999
93 6000
677 6001
35 6002
74 6003
368 6004
543 6005
96 6005
155 6006
678 6007
679 6008
9 6009
268 6010
96 6010
531 6011
95 6012
150 6013
9 6014
18 6014
547 6015
9 6016
56 6016
560 6017
158 6018
149 6019
56 6020
257 6021
57 6022
35 6023
522 6024
390 6025
241 6026
539 6027
665 6028
184 6029
275 6030
307 6031
308 6031
55 6032
674 6033
158 6034
686 6035
96 6035
18 6036
95 6037
151 6038
92 6039
94 6040
281 6041
149 6041
70 6042
623 6043
158 6044
680 6044
543 6045
310 6046
258 6047
69 6048
35 6049
35 6050
35 6051
159 6052
57 6053
264 6054
567 6055
92 6056
95 6057
82 6058
196 6059
23 6059
657 6060
92 6060
545 6061
18 6062
198 6063
258 6064
258 6065
607 6066
18 6067
56 6068
99 6069
676 6070
80 6071
553 6072
23 6073
72 6074
382 6075
274 6076
541 6076
549 6077
92 6077
198 6078
311 6079
265 6079
381 6080
312 6081
158 6082
23 6083
556 6084
258 6085
53 6086
54 6086
132 6087
547 6088
57 6089
96 6090
258 6091
664 6092
373 6093
369 6094
685 6095
280 6095
538 6096
657 6097
92 6097
264 6098
380 6099
276 6100
200 6101
283 6102
269 6103
56 6104
367 6105
9 6106
271 6107
549 6107
99 6108
118 6108
57 6109
681 6109
389 6110
17 6111
56 6112
682 6113
69 6113
69 6114
522 6115
229 6116
307 6117
308 6117
311 6118
567 6119
159 6120
95 6121
515 6122
266 6123
381 6124
96 6125
96 6126
260 6127
309 6128
567 6129
84 6130
305 6131
306 6131
63 6132
176 6132
95 6133
306 6134
538 6135
69 6136
374 6137
673 6138
547 6139
305 6140
589 6141
72 6142
547 6143
1 6144
527 6145
25 6146
383 6147
683 6148
684 6148
72 6148
9 6148
56 6149
56 6150
265 6151
523 6152
56 6153
553 6154
688 6155
685 6156
560 6157
118 6158
270 6159
159 6160
73 6161
281 6162
149 6162
254 6163
644 6164
270 6165
95 6166
119 6167
556 6168
56 6169
241 6170
547 6171
118 6172
35 6173
153 6174
304 6174
658 6175
659 6175
118 6176
91 6177
368 6178
312 6179
69 6180
281 6181
560 6182
57 6182
671 6183
148 6184
561 6185
676 6185
273 6186
457 6187
618 6187
119 6188
562 6189
9 6190
56 6190
9 6191
522 6191
72 6192
55 6193
159 6194
151 6195
8 6196
310 6197
515 6198
686 6199
687 6199
55 6200
258 6201
304 6202
257 6203
304 6204
688 6205
618 6206
535 6207
380 6208
56 6209
69 6210
389 6211
688 6212
309 6213
547 6214
268 6215
96 6215
159 6216
545 6217
283 6218
515 6219
526 6220
424 6221
567 6221
53 6222
626 6223
198 6224
71 6225
18 6225
304 6226
