6 0
6 1
6 2
6 3
6 4
6 5
6 6
6 7
6 8
6 9
6 10
6 11
6 12
6 13
6 14
6 15
6 16
6 17
6 18
6 19
6 20
6 21
6 22
6 23
6 24
6 25
6 26
6 27
6 28
6 29
6 30
6 31
6 32
6 33
6 34
6 35
6 36
6 37
6 38
6 39
6 40
6 41
6 42
6 43
6 44
6 45
6 46
6 47
6 48
6 49
6 50
6 51
6 52
6 53
6 54
6 55
6 56
6 57
6 58
6 59
6 60
6 61
6 62
6 63
6 64
6 65
6 66
6 67
6 68
6 69
6 70
6 71
6 72
6 73
6 74
6 75
6 76
6 77
6 78
6 79
6 80
6 81
6 82
6 83
6 84
6 85
6 86
6 87
6 88
6 89
6 90
6 91
6 92
6 93
6 94
6 95
6 96
6 97
6 98
6 99
6 100
6 101
6 102
6 103
6 104
6 105
6 106
6 107
6 108
6 109
6 110
6 111
6 112
6 113
6 114
6 115
6 116
6 117
6 118
6 119
6 120
6 121
6 122
6 123
6 124
6 125
6 126
6 127
6 128
6 129
6 130
6 131
6 132
6 133
6 134
6 135
6 136
6 137
6 138
6 139
6 140
6 141
6 142
6 143
6 144
6 145
6 146
6 147
6 148
6 149
6 150
6 151
6 152
6 153
6 154
6 155
6 156
6 157
6 158
6 159
6 160
6 161
6 162
6 163
6 164
6 165
6 166
6 167
6 168
6 169
6 170
6 171
6 172
6 173
6 174
6 175
6 176
6 177
6 178
6 179
6 180
6 181
6 182
6 183
6 184
6 185
6 186
6 187
6 188
6 189
6 190
6 191
6 192
6 193
6 194
6 195
6 196
6 197
6 198
6 199
6 200
6 201
6 202
6 203
6 204
6 205
6 206
6 207
6 208
6 209
6 210
6 211
6 212
6 213
6 214
6 215
6 216
6 217
6 218
6 219
6 220
6 221
6 222
6 223
6 224
6 225
6 226
6 227
6 228
6 229
6 230
6 231
6 232
6 233
6 234
6 235
6 236
6 237
6 238
6 239
6 240
6 241
6 242
6 243
6 244
6 245
6 246
6 247
15 248
15 249
15 250
15 251
15 252
15 253
15 254
15 255
15 256
15 257
15 258
15 259
15 260
15 261
15 262
15 263
15 264
15 265
15 266
15 267
15 268
15 269
15 270
15 271
15 272
15 273
15 274
15 275
15 276
15 277
15 278
15 279
15 280
15 281
15 282
15 283
15 284
15 285
15 286
15 287
15 288
15 289
15 290
15 291
15 292
15 293
15 294
15 295
15 296
15 297
15 298
15 299
15 300
15 301
15 302
15 303
15 304
15 305
15 306
15 307
15 308
15 309
15 310
15 311
15 312
15 313
15 314
15 315
15 316
15 317
15 318
15 319
15 320
15 321
15 322
15 323
15 324
15 325
15 326
15 327
15 328
15 329
15 330
15 331
15 332
15 333
15 334
15 335
15 336
15 337
15 338
15 339
15 340
15 341
15 342
15 343
15 344
15 345
15 346
15 347
15 348
15 349
15 350
15 351
15 352
15 353
15 354
15 355
15 356
15 357
15 358
15 359
15 360
15 361
15 362
15 363
15 364
15 365
15 366
15 367
15 368
15 369
15 370
15 371
15 372
15 373
15 374
15 375
15 376
15 377
15 378
15 379
15 380
15 381
15 382
15 383
15 384
15 385
15 386
15 387
15 388
15 389
15 390
15 391
15 392
15 393
15 394
15 395
15 396
15 397
15 398
15 399
15 400
15 401
15 402
15 403
15 404
15 405
15 406
15 407
15 408
15 409
15 410
15 411
15 412
15 413
15 414
15 415
15 416
15 417
15 418
15 419
15 420
15 421
15 422
15 423
15 424
15 425
15 426
15 427
15 428
15 429
15 430
15 431
15 432
15 433
15 434
15 435
15 436
15 437
15 438
15 439
15 440
15 441
15 442
15 443
15 444
15 445
15 446
15 447
15 448
15 449
15 450
15 451
15 452
15 453
15 454
15 455
15 456
15 457
15 458
15 459
15 460
15 461
15 462
15 463
15 464
15 465
15 466
15 467
15 468
15 469
15 470
15 471
15 472
15 473
15 474
15 475
15 476
15 477
15 478
15 479
15 480
15 481
15 482
15 483
15 484
15 485
15 486
15 487
15 488
15 489
15 490
15 491
15 492
15 493
15 494
15 495
15 496
15 497
15 498
15 499
15 500
15 501
15 502
15 503
15 504
15 505
15 506
15 507
15 508
15 509
15 510
15 511
15 512
15 513
15 514
15 515
15 516
15 517
15 518
15 519
15 520
15 521
15 522
15 523
15 524
15 525
15 526
15 527
15 528
15 529
15 530
15 531
15 532
15 533
15 534
15 535
15 536
15 537
15 538
15 539
15 540
15 541
15 542
15 543
15 544
15 545
15 546
15 547
15 548
15 549
15 550
15 551
15 552
15 553
15 554
15 555
15 556
15 557
15 558
15 559
15 560
15 561
15 562
15 563
15 564
15 565
15 566
15 567
15 568
15 569
15 570
15 571
15 572
15 573
15 574
15 575
15 576
15 577
15 578
15 579
15 580
15 581
15 582
15 583
15 584
15 585
15 586
15 587
15 588
15 589
15 590
15 591
15 592
15 593
15 594
15 595
15 596
15 597
15 598
15 599
15 600
15 601
15 602
15 603
15 604
15 605
15 606
15 607
15 608
15 609
15 610
15 611
15 612
15 613
15 614
15 615
15 616
15 617
15 618
15 619
15 620
15 621
15 622
15 623
15 624
15 625
15 626
15 627
15 628
15 629
15 630
15 631
15 632
15 633
15 634
15 635
15 636
15 637
15 638
15 639
15 640
15 641
15 642
15 643
15 644
15 645
15 646
15 647
15 648
15 649
15 650
15 651
15 652
15 653
15 654
15 655
15 656
15 657
15 658
15 659
15 660
15 661
15 662
15 663
15 664
15 665
15 666
15 667
15 668
15 669
15 670
15 671
15 672
15 673
15 674
15 675
15 676
15 677
15 678
15 679
15 680
15 681
15 682
15 683
15 684
15 685
15 686
15 687
15 688
15 689
15 690
15 691
15 692
15 693
15 694
15 695
15 696
15 697
15 698
15 699
15 700
15 701
15 702
15 703
15 704
15 705
15 706
15 707
15 708
15 709
15 710
15 711
15 712
15 713
15 714
15 715
15 716
15 717
15 718
15 719
15 720
15 721
15 722
15 723
15 724
15 725
15 726
15 727
15 728
15 729
15 730
15 731
15 732
15 733
15 734
15 735
15 736
15 737
15 738
15 739
15 740
15 741
15 742
15 743
15 744
15 745
15 746
15 747
15 748
15 749
15 750
15 751
15 752
15 753
15 754
15 755
15 756
15 757
15 758
15 759
15 760
15 761
15 762
15 763
15 764
15 765
15 766
15 767
15 768
15 769
15 770
15 771
15 772
15 773
15 774
15 775
15 776
15 777
15 778
15 779
15 780
15 781
15 782
15 783
15 784
15 785
15 786
15 787
15 788
15 789
15 790
15 791
15 792
15 793
15 794
15 795
15 796
15 797
15 798
15 799
15 800
15 801
15 802
15 803
15 804
15 805
15 806
15 807
15 808
15 809
15 810
15 811
15 812
15 813
15 814
15 815
15 816
15 817
15 818
15 819
15 820
15 821
15 822
15 823
15 824
15 825
15 826
15 827
15 828
15 829
15 830
15 831
15 832
15 833
15 834
15 835
15 836
15 837
15 838
15 839
15 840
15 841
15 842
15 843
15 844
15 845
15 846
15 847
15 848
15 849
15 850
15 851
15 852
15 853
15 854
15 855
15 856
15 857
15 858
15 859
15 860
15 861
15 862
15 863
15 864
15 865
15 866
15 867
15 868
15 869
15 870
15 871
15 872
15 873
15 874
15 875
15 876
15 877
15 878
15 879
15 880
15 881
15 882
15 883
15 884
15 885
15 886
15 887
15 888
15 889
15 890
15 891
15 892
15 893
15 894
15 895
15 896
15 897
15 898
15 899
15 900
15 901
15 902
15 903
15 904
15 905
15 906
15 907
15 908
15 909
15 910
15 911
15 912
15 913
15 914
15 915
15 916
15 917
15 918
15 919
15 920
15 921
15 922
15 923
15 924
15 925
15 926
15 927
15 928
15 929
15 930
15 931
17 932
17 933
17 934
17 935
17 936
17 937
17 938
17 939
17 940
17 941
17 942
17 943
17 944
17 945
17 946
17 947
17 948
17 949
17 950
17 951
17 952
17 953
17 954
17 955
17 956
17 957
7 958
7 959
7 960
7 961
7 962
7 963
7 964
7 965
7 966
7 967
7 968
7 969
7 970
7 971
7 972
7 973
7 974
7 975
7 976
7 977
7 978
7 979
7 980
7 981
7 982
7 983
7 984
7 985
7 986
7 987
7 988
7 989
7 990
7 991
7 992
7 993
7 994
7 995
7 996
7 997
7 998
7 999
7 1000
7 1001
7 1002
7 1003
7 1004
7 1005
7 1006
7 1007
7 1008
7 1009
7 1010
7 1011
7 1012
7 1013
7 1014
7 1015
7 1016
7 1017
7 1018
7 1019
7 1020
7 1021
7 1022
7 1023
7 1024
7 1025
7 1026
7 1027
7 1028
7 1029
7 1030
7 1031
7 1032
7 1033
7 1034
7 1035
7 1036
7 1037
7 1038
7 1039
7 1040
7 1041
7 1042
7 1043
7 1044
7 1045
7 1046
7 1047
7 1048
7 1049
7 1050
7 1051
7 1052
7 1053
7 1054
7 1055
7 1056
7 1057
7 1058
7 1059
7 1060
7 1061
7 1062
7 1063
7 1064
7 1065
7 1066
7 1067
7 1068
7 1069
7 1070
7 1071
7 1072
7 1073
7 1074
7 1075
7 1076
7 1077
7 1078
7 1079
7 1080
7 1081
7 1082
7 1083
7 1084
7 1085
7 1086
7 1087
7 1088
7 1089
7 1090
7 1091
7 1092
7 1093
7 1094
7 1095
7 1096
7 1097
7 1098
7 1099
7 1100
7 1101
7 1102
7 1103
7 1104
7 1105
7 1106
7 1107
7 1108
7 1109
7 1110
7 1111
7 1112
7 1113
7 1114
7 1115
7 1116
7 1117
7 1118
7 1119
7 1120
7 1121
7 1122
7 1123
7 1124
7 1125
7 1126
7 1127
7 1128
7 1129
7 1130
7 1131
7 1132
7 1133
7 1134
7 1135
7 1136
7 1137
7 1138
7 1139
7 1140
7 1141
7 1142
7 1143
7 1144
7 1145
7 1146
7 1147
7 1148
7 1149
7 1150
7 1151
7 1152
7 1153
7 1154
7 1155
7 1156
7 1157
7 1158
7 1159
7 1160
7 1161
7 1162
7 1163
7 1164
7 1165
7 1166
7 1167
7 1168
7 1169
7 1170
7 1171
7 1172
7 1173
7 1174
7 1175
7 1176
7 1177
7 1178
7 1179
7 1180
4 1181
4 1182
4 1183
4 1184
4 1185
4 1186
4 1187
4 1188
4 1189
4 1190
4 1191
4 1192
4 1193
4 1194
4 1195
4 1196
4 1197
4 1198
4 1199
4 1200
4 1201
4 1202
4 1203
4 1204
4 1205
4 1206
4 1207
4 1208
4 1209
4 1210
4 1211
4 1212
4 1213
4 1214
4 1215
4 1216
4 1217
4 1218
4 1219
4 1220
4 1221
4 1222
4 1223
4 1224
4 1225
4 1226
4 1227
4 1228
4 1229
4 1230
4 1231
4 1232
4 1233
4 1234
4 1235
4 1236
4 1237
4 1238
4 1239
4 1240
4 1241
4 1242
4 1243
4 1244
4 1245
4 1246
4 1247
4 1248
4 1249
4 1250
4 1251
4 1252
4 1253
4 1254
4 1255
4 1256
4 1257
4 1258
4 1259
4 1260
4 1261
4 1262
4 1263
4 1264
4 1265
4 1266
4 1267
4 1268
4 1269
4 1270
4 1271
4 1272
4 1273
4 1274
4 1275
4 1276
4 1277
4 1278
4 1279
4 1280
4 1281
4 1282
4 1283
4 1284
4 1285
4 1286
4 1287
4 1288
4 1289
4 1290
4 1291
4 1292
4 1293
4 1294
4 1295
4 1296
4 1297
4 1298
4 1299
4 1300
4 1301
4 1302
4 1303
4 1304
4 1305
4 1306
4 1307
4 1308
4 1309
4 1310
4 1311
4 1312
4 1313
4 1314
4 1315
4 1316
4 1317
4 1318
4 1319
4 1320
4 1321
4 1322
4 1323
4 1324
4 1325
4 1326
4 1327
4 1328
4 1329
4 1330
4 1331
4 1332
4 1333
4 1334
4 1335
4 1336
4 1337
4 1338
4 1339
4 1340
4 1341
4 1342
4 1343
4 1344
4 1345
4 1346
4 1347
4 1348
4 1349
4 1350
4 1351
4 1352
4 1353
4 1354
4 1355
4 1356
4 1357
4 1358
4 1359
4 1360
4 1361
4 1362
4 1363
4 1364
4 1365
4 1366
4 1367
4 1368
4 1369
4 1370
4 1371
4 1372
4 1373
4 1374
4 1375
4 1376
4 1377
4 1378
4 1379
4 1380
4 1381
4 1382
4 1383
4 1384
4 1385
4 1386
4 1387
4 1388
4 1389
4 1390
4 1391
4 1392
4 1393
4 1394
4 1395
4 1396
4 1397
4 1398
4 1399
4 1400
4 1401
4 1402
4 1403
4 1404
4 1405
4 1406
4 1407
4 1408
4 1409
16 1410
16 1411
16 1412
16 1413
16 1414
16 1415
16 1416
16 1417
16 1418
16 1419
16 1420
16 1421
16 1422
16 1423
16 1424
16 1425
16 1426
16 1427
16 1428
16 1429
16 1430
16 1431
16 1432
16 1433
16 1434
16 1435
16 1436
16 1437
16 1438
16 1439
16 1440
16 1441
16 1442
16 1443
16 1444
16 1445
16 1446
16 1447
16 1448
16 1449
16 1450
16 1451
16 1452
16 1453
16 1454
16 1455
16 1456
16 1457
16 1458
16 1459
16 1460
16 1461
16 1462
16 1463
16 1464
16 1465
16 1466
16 1467
16 1468
16 1469
16 1470
16 1471
16 1472
16 1473
16 1474
16 1475
16 1476
16 1477
16 1478
16 1479
16 1480
16 1481
16 1482
16 1483
16 1484
16 1485
16 1486
16 1487
16 1488
16 1489
16 1490
16 1491
16 1492
16 1493
16 1494
16 1495
16 1496
16 1497
16 1498
16 1499
16 1500
16 1501
16 1502
16 1503
16 1504
16 1505
16 1506
16 1507
16 1508
16 1509
16 1510
16 1511
16 1512
16 1513
16 1514
16 1515
16 1516
16 1517
16 1518
16 1519
16 1520
16 1521
16 1522
16 1523
16 1524
16 1525
16 1526
16 1527
16 1528
16 1529
16 1530
16 1531
16 1532
16 1533
16 1534
16 1535
16 1536
16 1537
16 1538
16 1539
16 1540
16 1541
16 1542
16 1543
16 1544
16 1545
16 1546
16 1547
16 1548
16 1549
16 1550
16 1551
16 1552
16 1553
16 1554
16 1555
16 1556
16 1557
16 1558
16 1559
16 1560
16 1561
16 1562
16 1563
16 1564
16 1565
16 1566
16 1567
16 1568
16 1569
16 1570
16 1571
3 1572
3 1573
3 1574
3 1575
3 1576
3 1577
3 1578
3 1579
3 1580
3 1581
3 1582
3 1583
3 1584
3 1585
3 1586
3 1587
3 1588
3 1589
3 1590
3 1591
3 1592
3 1593
3 1594
3 1595
3 1596
3 1597
3 1598
3 1599
3 1600
3 1601
3 1602
3 1603
3 1604
3 1605
3 1606
3 1607
3 1608
3 1609
3 1610
3 1611
3 1612
3 1613
3 1614
3 1615
3 1616
3 1617
3 1618
3 1619
3 1620
3 1621
3 1622
3 1623
3 1624
3 1625
3 1626
3 1627
3 1628
3 1629
3 1630
3 1631
3 1632
3 1633
3 1634
3 1635
3 1636
3 1637
3 1638
3 1639
3 1640
3 1641
3 1642
9 1643
9 1644
9 1645
9 1646
9 1647
9 1648
9 1649
9 1650
9 1651
9 1652
9 1653
9 1654
9 1655
9 1656
9 1657
9 1658
9 1659
9 1660
9 1661
9 1662
9 1663
9 1664
9 1665
9 1666
9 1667
9 1668
9 1669
9 1670
9 1671
9 1672
9 1673
9 1674
9 1675
9 1676
9 1677
9 1678
9 1679
9 1680
9 1681
9 1682
9 1683
9 1684
9 1685
9 1686
9 1687
9 1688
9 1689
9 1690
9 1691
9 1692
9 1693
9 1694
9 1695
9 1696
9 1697
9 1698
9 1699
9 1700
9 1701
9 1702
9 1703
9 1704
9 1705
9 1706
9 1707
9 1708
9 1709
9 1710
9 1711
9 1712
9 1713
9 1714
9 1715
9 1716
9 1717
9 1718
9 1719
9 1720
9 1721
9 1722
9 1723
9 1724
9 1725
9 1726
9 1727
9 1728
9 1729
9 1730
9 1731
9 1732
9 1733
9 1734
9 1735
9 1736
9 1737
9 1738
9 1739
9 1740
9 1741
9 1742
9 1743
9 1744
9 1745
9 1746
9 1747
9 1748
9 1749
9 1750
9 1751
9 1752
9 1753
9 1754
9 1755
9 1756
9 1757
9 1758
9 1759
9 1760
9 1761
9 1762
9 1763
9 1764
9 1765
9 1766
9 1767
9 1768
9 1769
9 1770
9 1771
9 1772
9 1773
9 1774
9 1775
9 1776
9 1777
9 1778
9 1779
9 1780
9 1781
9 1782
9 1783
9 1784
9 1785
9 1786
9 1787
9 1788
9 1789
9 1790
9 1791
9 1792
9 1793
9 1794
9 1795
9 1796
9 1797
9 1798
9 1799
9 1800
9 1801
9 1802
9 1803
9 1804
9 1805
9 1806
9 1807
9 1808
9 1809
9 1810
9 1811
9 1812
9 1813
9 1814
9 1815
9 1816
9 1817
9 1818
9 1819
9 1820
9 1821
9 1822
9 1823
9 1824
9 1825
9 1826
9 1827
9 1828
9 1829
9 1830
9 1831
9 1832
9 1833
9 1834
9 1835
9 1836
9 1837
9 1838
9 1839
9 1840
9 1841
9 1842
9 1843
9 1844
9 1845
9 1846
9 1847
9 1848
9 1849
9 1850
9 1851
9 1852
9 1853
9 1854
9 1855
9 1856
9 1857
9 1858
9 1859
9 1860
9 1861
9 1862
9 1863
9 1864
9 1865
9 1866
9 1867
9 1868
9 1869
9 1870
9 1871
9 1872
9 1873
9 1874
9 1875
9 1876
9 1877
9 1878
9 1879
9 1880
9 1881
9 1882
9 1883
9 1884
9 1885
9 1886
9 1887
9 1888
9 1889
9 1890
9 1891
9 1892
9 1893
9 1894
9 1895
9 1896
9 1897
9 1898
9 1899
9 1900
9 1901
9 1902
9 1903
9 1904
9 1905
9 1906
9 1907
9 1908
9 1909
9 1910
9 1911
9 1912
9 1913
9 1914
9 1915
9 1916
9 1917
9 1918
9 1919
9 1920
9 1921
9 1922
9 1923
9 1924
9 1925
9 1926
9 1927
9 1928
9 1929
9 1930
9 1931
9 1932
9 1933
9 1934
9 1935
9 1936
9 1937
9 1938
9 1939
9 1940
9 1941
9 1942
9 1943
9 1944
9 1945
9 1946
9 1947
9 1948
9 1949
9 1950
9 1951
9 1952
9 1953
9 1954
9 1955
9 1956
9 1957
9 1958
9 1959
9 1960
9 1961
9 1962
9 1963
9 1964
9 1965
9 1966
9 1967
9 1968
9 1969
9 1970
9 1971
9 1972
9 1973
9 1974
9 1975
9 1976
9 1977
9 1978
9 1979
9 1980
9 1981
9 1982
9 1983
9 1984
9 1985
9 1986
9 1987
9 1988
9 1989
9 1990
9 1991
9 1992
9 1993
9 1994
9 1995
9 1996
9 1997
9 1998
9 1999
9 2000
9 2001
9 2002
9 2003
9 2004
9 2005
9 2006
9 2007
9 2008
9 2009
9 2010
9 2011
9 2012
9 2013
9 2014
9 2015
9 2016
9 2017
9 2018
9 2019
9 2020
9 2021
9 2022
9 2023
9 2024
9 2025
9 2026
9 2027
9 2028
9 2029
9 2030
9 2031
9 2032
9 2033
9 2034
9 2035
9 2036
9 2037
9 2038
9 2039
9 2040
9 2041
9 2042
9 2043
9 2044
9 2045
9 2046
9 2047
9 2048
9 2049
9 2050
9 2051
9 2052
9 2053
9 2054
9 2055
9 2056
9 2057
9 2058
9 2059
9 2060
9 2061
9 2062
9 2063
9 2064
9 2065
9 2066
9 2067
9 2068
9 2069
9 2070
9 2071
9 2072
9 2073
9 2074
9 2075
9 2076
9 2077
9 2078
9 2079
9 2080
9 2081
9 2082
9 2083
9 2084
9 2085
9 2086
9 2087
9 2088
9 2089
9 2090
9 2091
9 2092
9 2093
9 2094
9 2095
9 2096
9 2097
9 2098
9 2099
9 2100
9 2101
9 2102
9 2103
9 2104
9 2105
9 2106
9 2107
9 2108
9 2109
9 2110
9 2111
9 2112
9 2113
9 2114
9 2115
9 2116
9 2117
9 2118
9 2119
9 2120
9 2121
9 2122
9 2123
9 2124
9 2125
9 2126
9 2127
9 2128
9 2129
9 2130
9 2131
9 2132
9 2133
9 2134
9 2135
9 2136
9 2137
9 2138
9 2139
9 2140
9 2141
9 2142
9 2143
9 2144
9 2145
9 2146
9 2147
9 2148
9 2149
9 2150
9 2151
9 2152
9 2153
9 2154
9 2155
9 2156
9 2157
9 2158
9 2159
9 2160
9 2161
9 2162
9 2163
9 2164
9 2165
9 2166
9 2167
9 2168
9 2169
9 2170
9 2171
9 2172
9 2173
9 2174
9 2175
9 2176
9 2177
9 2178
9 2179
9 2180
9 2181
9 2182
9 2183
9 2184
9 2185
9 2186
9 2187
9 2188
9 2189
9 2190
9 2191
9 2192
9 2193
9 2194
9 2195
9 2196
9 2197
9 2198
9 2199
9 2200
9 2201
9 2202
9 2203
9 2204
9 2205
9 2206
9 2207
9 2208
9 2209
9 2210
9 2211
9 2212
9 2213
9 2214
9 2215
9 2216
9 2217
9 2218
9 2219
9 2220
9 2221
9 2222
9 2223
9 2224
9 2225
9 2226
9 2227
9 2228
9 2229
9 2230
9 2231
9 2232
9 2233
9 2234
9 2235
9 2236
9 2237
9 2238
9 2239
9 2240
9 2241
9 2242
9 2243
9 2244
9 2245
9 2246
9 2247
9 2248
9 2249
9 2250
9 2251
9 2252
9 2253
9 2254
9 2255
9 2256
9 2257
9 2258
9 2259
9 2260
9 2261
9 2262
9 2263
9 2264
9 2265
9 2266
9 2267
9 2268
9 2269
9 2270
14 2271
14 2272
14 2273
14 2274
14 2275
14 2276
14 2277
14 2278
14 2279
14 2280
14 2281
14 2282
14 2283
14 2284
14 2285
14 2286
14 2287
14 2288
14 2289
14 2290
14 2291
14 2292
14 2293
14 2294
14 2295
14 2296
14 2297
14 2298
14 2299
14 2300
14 2301
14 2302
14 2303
14 2304
14 2305
14 2306
14 2307
14 2308
14 2309
14 2310
14 2311
14 2312
14 2313
14 2314
14 2315
14 2316
14 2317
14 2318
14 2319
14 2320
14 2321
14 2322
14 2323
14 2324
14 2325
14 2326
14 2327
14 2328
14 2329
14 2330
14 2331
14 2332
14 2333
14 2334
14 2335
14 2336
14 2337
14 2338
14 2339
14 2340
14 2341
14 2342
14 2343
14 2344
14 2345
14 2346
14 2347
14 2348
14 2349
14 2350
14 2351
14 2352
14 2353
14 2354
14 2355
14 2356
14 2357
14 2358
14 2359
14 2360
14 2361
14 2362
14 2363
14 2364
14 2365
14 2366
14 2367
14 2368
14 2369
14 2370
14 2371
14 2372
14 2373
14 2374
14 2375
14 2376
14 2377
14 2378
14 2379
14 2380
14 2381
14 2382
14 2383
14 2384
14 2385
14 2386
14 2387
14 2388
14 2389
14 2390
14 2391
14 2392
14 2393
14 2394
14 2395
14 2396
14 2397
14 2398
14 2399
14 2400
14 2401
14 2402
14 2403
14 2404
14 2405
14 2406
14 2407
14 2408
14 2409
14 2410
14 2411
14 2412
14 2413
14 2414
14 2415
14 2416
14 2417
14 2418
14 2419
14 2420
14 2421
14 2422
14 2423
14 2424
14 2425
14 2426
14 2427
14 2428
14 2429
14 2430
14 2431
14 2432
14 2433
14 2434
14 2435
14 2436
14 2437
14 2438
14 2439
14 2440
14 2441
14 2442
14 2443
14 2444
14 2445
14 2446
14 2447
14 2448
14 2449
14 2450
14 2451
14 2452
14 2453
14 2454
14 2455
14 2456
14 2457
14 2458
14 2459
14 2460
14 2461
14 2462
14 2463
14 2464
14 2465
14 2466
14 2467
14 2468
14 2469
14 2470
14 2471
14 2472
14 2473
14 2474
14 2475
14 2476
14 2477
14 2478
14 2479
14 2480
14 2481
14 2482
14 2483
14 2484
14 2485
14 2486
14 2487
14 2488
14 2489
14 2490
14 2491
14 2492
14 2493
14 2494
14 2495
14 2496
14 2497
14 2498
14 2499
14 2500
14 2501
14 2502
14 2503
14 2504
14 2505
14 2506
14 2507
14 2508
14 2509
14 2510
14 2511
14 2512
14 2513
14 2514
14 2515
14 2516
14 2517
14 2518
14 2519
14 2520
14 2521
14 2522
14 2523
14 2524
14 2525
14 2526
14 2527
14 2528
14 2529
14 2530
14 2531
14 2532
14 2533
14 2534
14 2535
14 2536
14 2537
14 2538
14 2539
14 2540
14 2541
14 2542
14 2543
14 2544
14 2545
14 2546
14 2547
14 2548
14 2549
14 2550
14 2551
14 2552
14 2553
14 2554
14 2555
14 2556
14 2557
14 2558
14 2559
14 2560
14 2561
14 2562
14 2563
14 2564
14 2565
14 2566
14 2567
14 2568
14 2569
14 2570
14 2571
14 2572
14 2573
14 2574
14 2575
14 2576
14 2577
14 2578
14 2579
14 2580
14 2581
14 2582
14 2583
14 2584
14 2585
14 2586
14 2587
14 2588
14 2589
14 2590
14 2591
14 2592
14 2593
14 2594
14 2595
14 2596
14 2597
14 2598
14 2599
14 2600
14 2601
14 2602
14 2603
14 2604
14 2605
14 2606
14 2607
14 2608
14 2609
14 2610
14 2611
14 2612
14 2613
14 2614
14 2615
14 2616
14 2617
14 2618
14 2619
14 2620
14 2621
14 2622
14 2623
14 2624
14 2625
14 2626
14 2627
14 2628
14 2629
14 2630
14 2631
14 2632
14 2633
14 2634
14 2635
14 2636
14 2637
14 2638
14 2639
14 2640
14 2641
14 2642
14 2643
14 2644
14 2645
14 2646
14 2647
14 2648
14 2649
14 2650
14 2651
14 2652
14 2653
14 2654
14 2655
14 2656
14 2657
14 2658
14 2659
14 2660
14 2661
14 2662
14 2663
14 2664
14 2665
14 2666
14 2667
14 2668
14 2669
14 2670
14 2671
14 2672
14 2673
14 2674
14 2675
14 2676
14 2677
14 2678
14 2679
14 2680
14 2681
14 2682
14 2683
14 2684
14 2685
14 2686
14 2687
14 2688
14 2689
14 2690
14 2691
14 2692
14 2693
14 2694
14 2695
14 2696
14 2697
14 2698
14 2699
14 2700
14 2701
14 2702
14 2703
14 2704
14 2705
14 2706
14 2707
14 2708
14 2709
14 2710
14 2711
14 2712
14 2713
14 2714
14 2715
14 2716
14 2717
14 2718
14 2719
14 2720
14 2721
14 2722
14 2723
14 2724
14 2725
14 2726
14 2727
14 2728
14 2729
14 2730
14 2731
14 2732
14 2733
14 2734
14 2735
14 2736
14 2737
14 2738
14 2739
14 2740
14 2741
14 2742
14 2743
14 2744
14 2745
14 2746
14 2747
14 2748
14 2749
14 2750
14 2751
14 2752
14 2753
14 2754
14 2755
14 2756
14 2757
14 2758
14 2759
14 2760
14 2761
14 2762
14 2763
14 2764
14 2765
14 2766
14 2767
14 2768
14 2769
14 2770
14 2771
14 2772
14 2773
14 2774
14 2775
14 2776
14 2777
14 2778
14 2779
14 2780
14 2781
14 2782
14 2783
14 2784
14 2785
14 2786
14 2787
14 2788
14 2789
14 2790
14 2791
14 2792
14 2793
14 2794
14 2795
14 2796
14 2797
14 2798
14 2799
14 2800
14 2801
14 2802
14 2803
14 2804
14 2805
14 2806
14 2807
14 2808
14 2809
14 2810
14 2811
14 2812
14 2813
14 2814
14 2815
14 2816
14 2817
14 2818
14 2819
14 2820
14 2821
14 2822
14 2823
14 2824
14 2825
14 2826
14 2827
14 2828
14 2829
14 2830
14 2831
14 2832
14 2833
14 2834
14 2835
14 2836
14 2837
14 2838
14 2839
14 2840
14 2841
14 2842
14 2843
14 2844
14 2845
14 2846
14 2847
14 2848
14 2849
14 2850
14 2851
14 2852
14 2853
14 2854
14 2855
14 2856
14 2857
14 2858
14 2859
14 2860
14 2861
14 2862
14 2863
14 2864
14 2865
14 2866
14 2867
14 2868
14 2869
14 2870
14 2871
14 2872
14 2873
14 2874
14 2875
14 2876
14 2877
14 2878
14 2879
14 2880
14 2881
14 2882
14 2883
14 2884
14 2885
14 2886
14 2887
14 2888
14 2889
14 2890
14 2891
14 2892
14 2893
14 2894
14 2895
14 2896
14 2897
14 2898
14 2899
14 2900
14 2901
14 2902
14 2903
14 2904
14 2905
14 2906
14 2907
14 2908
14 2909
14 2910
14 2911
14 2912
14 2913
14 2914
14 2915
14 2916
14 2917
14 2918
14 2919
14 2920
14 2921
14 2922
14 2923
14 2924
14 2925
14 2926
14 2927
14 2928
14 2929
14 2930
14 2931
14 2932
14 2933
14 2934
14 2935
14 2936
14 2937
14 2938
14 2939
14 2940
14 2941
14 2942
14 2943
14 2944
14 2945
14 2946
14 2947
14 2948
14 2949
14 2950
14 2951
14 2952
14 2953
14 2954
14 2955
14 2956
14 2957
14 2958
14 2959
14 2960
14 2961
14 2962
14 2963
14 2964
14 2965
14 2966
14 2967
14 2968
14 2969
14 2970
14 2971
14 2972
14 2973
14 2974
14 2975
14 2976
14 2977
14 2978
14 2979
13 2980
13 2981
13 2982
13 2983
13 2984
13 2985
13 2986
13 2987
13 2988
13 2989
13 2990
13 2991
13 2992
13 2993
13 2994
13 2995
13 2996
13 2997
13 2998
13 2999
13 3000
13 3001
13 3002
13 3003
13 3004
13 3005
13 3006
13 3007
13 3008
13 3009
13 3010
13 3011
13 3012
13 3013
13 3014
13 3015
13 3016
13 3017
13 3018
13 3019
13 3020
13 3021
13 3022
13 3023
13 3024
13 3025
13 3026
13 3027
13 3028
13 3029
13 3030
13 3031
13 3032
13 3033
13 3034
13 3035
13 3036
13 3037
13 3038
13 3039
13 3040
13 3041
13 3042
13 3043
13 3044
13 3045
13 3046
13 3047
13 3048
13 3049
13 3050
13 3051
13 3052
13 3053
13 3054
13 3055
13 3056
13 3057
13 3058
13 3059
13 3060
13 3061
13 3062
13 3063
13 3064
13 3065
13 3066
13 3067
13 3068
13 3069
13 3070
13 3071
13 3072
13 3073
13 3074
13 3075
13 3076
13 3077
13 3078
13 3079
13 3080
13 3081
13 3082
13 3083
13 3084
13 3085
13 3086
13 3087
13 3088
13 3089
13 3090
13 3091
13 3092
13 3093
13 3094
13 3095
13 3096
13 3097
13 3098
13 3099
13 3100
13 3101
13 3102
13 3103
13 3104
13 3105
13 3106
13 3107
13 3108
13 3109
13 3110
13 3111
13 3112
13 3113
13 3114
13 3115
13 3116
13 3117
13 3118
13 3119
13 3120
13 3121
13 3122
13 3123
13 3124
13 3125
13 3126
13 3127
13 3128
13 3129
13 3130
13 3131
13 3132
13 3133
13 3134
13 3135
13 3136
13 3137
13 3138
13 3139
13 3140
13 3141
13 3142
13 3143
13 3144
13 3145
13 3146
13 3147
13 3148
13 3149
13 3150
13 3151
13 3152
13 3153
13 3154
13 3155
13 3156
13 3157
13 3158
13 3159
13 3160
13 3161
13 3162
13 3163
13 3164
13 3165
13 3166
13 3167
13 3168
13 3169
13 3170
13 3171
13 3172
13 3173
13 3174
13 3175
13 3176
13 3177
13 3178
13 3179
13 3180
13 3181
13 3182
13 3183
13 3184
13 3185
13 3186
13 3187
13 3188
13 3189
13 3190
13 3191
13 3192
13 3193
13 3194
13 3195
13 3196
13 3197
13 3198
13 3199
13 3200
13 3201
13 3202
13 3203
13 3204
13 3205
13 3206
13 3207
13 3208
13 3209
13 3210
13 3211
13 3212
13 3213
13 3214
13 3215
13 3216
13 3217
13 3218
13 3219
13 3220
13 3221
13 3222
13 3223
13 3224
13 3225
13 3226
13 3227
13 3228
13 3229
13 3230
13 3231
13 3232
13 3233
13 3234
13 3235
13 3236
13 3237
13 3238
13 3239
13 3240
13 3241
13 3242
13 3243
13 3244
13 3245
13 3246
13 3247
13 3248
13 3249
13 3250
13 3251
13 3252
13 3253
13 3254
13 3255
13 3256
13 3257
13 3258
13 3259
13 3260
13 3261
13 3262
13 3263
13 3264
13 3265
13 3266
13 3267
13 3268
13 3269
13 3270
13 3271
13 3272
13 3273
13 3274
13 3275
13 3276
13 3277
13 3278
13 3279
13 3280
13 3281
13 3282
13 3283
13 3284
13 3285
13 3286
13 3287
13 3288
13 3289
13 3290
13 3291
13 3292
13 3293
13 3294
13 3295
13 3296
13 3297
13 3298
13 3299
13 3300
13 3301
13 3302
13 3303
13 3304
13 3305
13 3306
13 3307
13 3308
13 3309
13 3310
13 3311
13 3312
13 3313
13 3314
13 3315
13 3316
13 3317
13 3318
13 3319
13 3320
13 3321
13 3322
13 3323
13 3324
13 3325
13 3326
13 3327
13 3328
13 3329
13 3330
13 3331
8 3332
8 3333
8 3334
8 3335
8 3336
8 3337
8 3338
8 3339
8 3340
8 3341
8 3342
8 3343
8 3344
8 3345
8 3346
8 3347
8 3348
8 3349
8 3350
8 3351
8 3352
8 3353
8 3354
8 3355
8 3356
8 3357
8 3358
8 3359
8 3360
8 3361
8 3362
8 3363
8 3364
8 3365
8 3366
8 3367
8 3368
8 3369
8 3370
8 3371
8 3372
8 3373
8 3374
8 3375
8 3376
8 3377
8 3378
8 3379
8 3380
8 3381
8 3382
8 3383
8 3384
8 3385
8 3386
8 3387
8 3388
8 3389
8 3390
8 3391
8 3392
8 3393
8 3394
8 3395
8 3396
8 3397
8 3398
8 3399
8 3400
8 3401
8 3402
8 3403
8 3404
8 3405
8 3406
8 3407
8 3408
8 3409
8 3410
8 3411
8 3412
8 3413
8 3414
8 3415
8 3416
8 3417
8 3418
8 3419
8 3420
8 3421
8 3422
8 3423
8 3424
8 3425
8 3426
8 3427
8 3428
8 3429
8 3430
8 3431
8 3432
8 3433
8 3434
8 3435
8 3436
8 3437
8 3438
8 3439
8 3440
8 3441
8 3442
8 3443
8 3444
8 3445
8 3446
8 3447
8 3448
8 3449
8 3450
8 3451
8 3452
8 3453
8 3454
8 3455
8 3456
8 3457
8 3458
8 3459
8 3460
8 3461
8 3462
8 3463
8 3464
8 3465
8 3466
8 3467
8 3468
8 3469
8 3470
8 3471
8 3472
8 3473
8 3474
8 3475
8 3476
8 3477
8 3478
8 3479
8 3480
8 3481
8 3482
8 3483
8 3484
8 3485
8 3486
8 3487
8 3488
8 3489
8 3490
8 3491
8 3492
8 3493
8 3494
8 3495
8 3496
8 3497
8 3498
8 3499
8 3500
8 3501
8 3502
8 3503
8 3504
8 3505
8 3506
8 3507
8 3508
8 3509
8 3510
8 3511
8 3512
8 3513
8 3514
8 3515
8 3516
8 3517
8 3518
8 3519
8 3520
8 3521
8 3522
8 3523
8 3524
8 3525
8 3526
8 3527
8 3528
8 3529
8 3530
8 3531
8 3532
8 3533
8 3534
8 3535
8 3536
8 3537
8 3538
8 3539
8 3540
8 3541
8 3542
8 3543
8 3544
8 3545
8 3546
8 3547
8 3548
8 3549
8 3550
8 3551
8 3552
8 3553
8 3554
8 3555
8 3556
8 3557
8 3558
8 3559
8 3560
8 3561
8 3562
8 3563
8 3564
8 3565
8 3566
8 3567
8 3568
8 3569
8 3570
8 3571
8 3572
8 3573
8 3574
8 3575
8 3576
8 3577
8 3578
8 3579
8 3580
8 3581
8 3582
8 3583
8 3584
8 3585
8 3586
8 3587
8 3588
8 3589
8 3590
8 3591
8 3592
8 3593
8 3594
8 3595
8 3596
8 3597
8 3598
8 3599
8 3600
8 3601
8 3602
8 3603
8 3604
8 3605
8 3606
8 3607
8 3608
8 3609
8 3610
8 3611
8 3612
8 3613
8 3614
8 3615
8 3616
8 3617
8 3618
8 3619
8 3620
8 3621
8 3622
8 3623
8 3624
8 3625
8 3626
8 3627
8 3628
8 3629
8 3630
8 3631
8 3632
8 3633
8 3634
8 3635
8 3636
8 3637
8 3638
8 3639
8 3640
8 3641
8 3642
8 3643
8 3644
8 3645
8 3646
8 3647
8 3648
8 3649
8 3650
8 3651
8 3652
8 3653
8 3654
8 3655
8 3656
8 3657
8 3658
8 3659
8 3660
8 3661
8 3662
8 3663
8 3664
8 3665
8 3666
8 3667
8 3668
8 3669
8 3670
8 3671
8 3672
8 3673
8 3674
8 3675
8 3676
8 3677
8 3678
8 3679
8 3680
8 3681
8 3682
8 3683
8 3684
8 3685
8 3686
8 3687
8 3688
8 3689
8 3690
8 3691
8 3692
8 3693
8 3694
8 3695
8 3696
8 3697
8 3698
8 3699
8 3700
8 3701
8 3702
8 3703
8 3704
8 3705
8 3706
8 3707
8 3708
8 3709
8 3710
8 3711
8 3712
8 3713
8 3714
8 3715
8 3716
8 3717
8 3718
8 3719
8 3720
8 3721
8 3722
8 3723
8 3724
8 3725
8 3726
8 3727
8 3728
8 3729
8 3730
8 3731
8 3732
8 3733
8 3734
8 3735
8 3736
8 3737
8 3738
8 3739
8 3740
8 3741
8 3742
8 3743
8 3744
8 3745
8 3746
8 3747
8 3748
8 3749
8 3750
8 3751
8 3752
8 3753
8 3754
8 3755
8 3756
8 3757
8 3758
8 3759
8 3760
8 3761
8 3762
8 3763
8 3764
8 3765
8 3766
8 3767
8 3768
8 3769
8 3770
8 3771
8 3772
8 3773
8 3774
8 3775
8 3776
8 3777
8 3778
8 3779
8 3780
8 3781
8 3782
8 3783
8 3784
8 3785
8 3786
8 3787
8 3788
8 3789
8 3790
8 3791
8 3792
8 3793
8 3794
8 3795
8 3796
8 3797
8 3798
8 3799
8 3800
8 3801
8 3802
8 3803
8 3804
8 3805
8 3806
8 3807
8 3808
8 3809
8 3810
8 3811
8 3812
8 3813
8 3814
8 3815
8 3816
8 3817
8 3818
8 3819
8 3820
8 3821
8 3822
8 3823
8 3824
8 3825
8 3826
8 3827
8 3828
8 3829
8 3830
11 3831
11 3832
11 3833
11 3834
11 3835
11 3836
11 3837
11 3838
11 3839
11 3840
11 3841
11 3842
11 3843
11 3844
11 3845
11 3846
11 3847
11 3848
11 3849
11 3850
11 3851
11 3852
11 3853
11 3854
11 3855
11 3856
11 3857
11 3858
11 3859
11 3860
11 3861
11 3862
11 3863
11 3864
11 3865
11 3866
11 3867
11 3868
11 3869
11 3870
11 3871
11 3872
11 3873
11 3874
11 3875
11 3876
11 3877
11 3878
11 3879
11 3880
11 3881
11 3882
11 3883
11 3884
11 3885
11 3886
11 3887
11 3888
11 3889
11 3890
11 3891
11 3892
11 3893
11 3894
11 3895
11 3896
11 3897
11 3898
11 3899
11 3900
11 3901
11 3902
11 3903
11 3904
11 3905
11 3906
11 3907
11 3908
11 3909
11 3910
11 3911
11 3912
11 3913
11 3914
11 3915
11 3916
11 3917
11 3918
11 3919
11 3920
11 3921
11 3922
11 3923
11 3924
11 3925
11 3926
11 3927
11 3928
11 3929
11 3930
11 3931
11 3932
11 3933
11 3934
11 3935
11 3936
11 3937
11 3938
11 3939
11 3940
11 3941
11 3942
11 3943
11 3944
11 3945
11 3946
11 3947
11 3948
11 3949
11 3950
11 3951
11 3952
11 3953
11 3954
11 3955
11 3956
11 3957
11 3958
11 3959
11 3960
11 3961
11 3962
11 3963
11 3964
11 3965
11 3966
11 3967
11 3968
11 3969
11 3970
11 3971
11 3972
11 3973
11 3974
11 3975
11 3976
11 3977
11 3978
11 3979
11 3980
11 3981
11 3982
11 3983
11 3984
11 3985
11 3986
11 3987
11 3988
11 3989
11 3990
11 3991
11 3992
11 3993
11 3994
11 3995
11 3996
11 3997
11 3998
11 3999
11 4000
11 4001
11 4002
11 4003
11 4004
11 4005
11 4006
11 4007
11 4008
11 4009
11 4010
11 4011
11 4012
11 4013
11 4014
11 4015
11 4016
11 4017
11 4018
11 4019
11 4020
11 4021
11 4022
11 4023
11 4024
11 4025
11 4026
11 4027
11 4028
11 4029
11 4030
11 4031
11 4032
11 4033
11 4034
11 4035
11 4036
11 4037
11 4038
11 4039
11 4040
11 4041
11 4042
11 4043
11 4044
11 4045
11 4046
11 4047
11 4048
11 4049
11 4050
11 4051
11 4052
11 4053
11 4054
11 4055
11 4056
11 4057
11 4058
11 4059
11 4060
11 4061
11 4062
11 4063
11 4064
11 4065
11 4066
11 4067
11 4068
11 4069
11 4070
11 4071
11 4072
11 4073
11 4074
11 4075
11 4076
11 4077
11 4078
11 4079
11 4080
11 4081
11 4082
11 4083
11 4084
11 4085
11 4086
11 4087
11 4088
11 4089
11 4090
11 4091
11 4092
11 4093
11 4094
11 4095
11 4096
11 4097
11 4098
11 4099
11 4100
11 4101
11 4102
11 4103
11 4104
11 4105
11 4106
11 4107
11 4108
11 4109
11 4110
11 4111
11 4112
11 4113
11 4114
11 4115
11 4116
11 4117
11 4118
11 4119
11 4120
11 4121
11 4122
11 4123
11 4124
11 4125
11 4126
11 4127
11 4128
11 4129
11 4130
11 4131
11 4132
11 4133
11 4134
11 4135
11 4136
2 4137
2 4138
2 4139
2 4140
2 4141
2 4142
2 4143
2 4144
2 4145
2 4146
2 4147
2 4148
2 4149
2 4150
2 4151
2 4152
2 4153
2 4154
2 4155
2 4156
2 4157
2 4158
2 4159
2 4160
2 4161
2 4162
2 4163
2 4164
2 4165
2 4166
2 4167
2 4168
2 4169
2 4170
2 4171
2 4172
2 4173
2 4174
2 4175
2 4176
2 4177
2 4178
2 4179
2 4180
2 4181
2 4182
2 4183
2 4184
2 4185
2 4186
2 4187
2 4188
2 4189
2 4190
2 4191
2 4192
2 4193
2 4194
2 4195
2 4196
2 4197
2 4198
2 4199
2 4200
2 4201
2 4202
2 4203
2 4204
2 4205
2 4206
2 4207
2 4208
2 4209
2 4210
2 4211
2 4212
2 4213
2 4214
2 4215
2 4216
2 4217
2 4218
2 4219
2 4220
2 4221
2 4222
2 4223
2 4224
2 4225
2 4226
2 4227
2 4228
2 4229
2 4230
2 4231
2 4232
2 4233
2 4234
2 4235
2 4236
2 4237
2 4238
2 4239
2 4240
2 4241
2 4242
2 4243
2 4244
2 4245
2 4246
2 4247
2 4248
2 4249
2 4250
2 4251
2 4252
2 4253
2 4254
2 4255
2 4256
2 4257
2 4258
2 4259
2 4260
2 4261
2 4262
2 4263
2 4264
2 4265
2 4266
2 4267
2 4268
2 4269
2 4270
2 4271
2 4272
2 4273
2 4274
2 4275
2 4276
5 4277
5 4278
5 4279
5 4280
5 4281
5 4282
5 4283
5 4284
5 4285
5 4286
5 4287
5 4288
5 4289
5 4290
5 4291
5 4292
5 4293
5 4294
5 4295
5 4296
5 4297
5 4298
5 4299
5 4300
5 4301
5 4302
5 4303
5 4304
5 4305
5 4306
5 4307
5 4308
5 4309
5 4310
5 4311
5 4312
5 4313
5 4314
5 4315
5 4316
5 4317
5 4318
5 4319
5 4320
5 4321
5 4322
5 4323
5 4324
5 4325
5 4326
5 4327
5 4328
5 4329
5 4330
5 4331
5 4332
5 4333
5 4334
5 4335
5 4336
5 4337
5 4338
5 4339
5 4340
5 4341
5 4342
5 4343
5 4344
5 4345
5 4346
5 4347
5 4348
5 4349
5 4350
5 4351
5 4352
5 4353
5 4354
5 4355
5 4356
5 4357
5 4358
5 4359
5 4360
5 4361
5 4362
5 4363
5 4364
5 4365
5 4366
5 4367
5 4368
5 4369
5 4370
5 4371
5 4372
5 4373
5 4374
5 4375
5 4376
5 4377
5 4378
5 4379
5 4380
5 4381
5 4382
5 4383
5 4384
5 4385
5 4386
5 4387
5 4388
5 4389
5 4390
5 4391
5 4392
5 4393
5 4394
5 4395
5 4396
5 4397
5 4398
5 4399
5 4400
5 4401
5 4402
5 4403
5 4404
5 4405
5 4406
5 4407
5 4408
5 4409
5 4410
5 4411
5 4412
5 4413
5 4414
5 4415
5 4416
5 4417
5 4418
5 4419
5 4420
5 4421
5 4422
5 4423
5 4424
5 4425
5 4426
5 4427
5 4428
5 4429
5 4430
5 4431
5 4432
5 4433
5 4434
5 4435
5 4436
5 4437
5 4438
5 4439
5 4440
5 4441
5 4442
5 4443
5 4444
5 4445
5 4446
5 4447
5 4448
5 4449
5 4450
5 4451
5 4452
5 4453
5 4454
5 4455
5 4456
5 4457
5 4458
5 4459
5 4460
5 4461
5 4462
5 4463
5 4464
5 4465
5 4466
5 4467
5 4468
5 4469
5 4470
5 4471
5 4472
5 4473
5 4474
5 4475
5 4476
5 4477
5 4478
5 4479
5 4480
5 4481
5 4482
5 4483
5 4484
5 4485
5 4486
5 4487
5 4488
5 4489
5 4490
5 4491
5 4492
5 4493
5 4494
5 4495
5 4496
5 4497
5 4498
5 4499
5 4500
5 4501
5 4502
5 4503
5 4504
5 4505
5 4506
5 4507
5 4508
5 4509
5 4510
5 4511
5 4512
5 4513
5 4514
5 4515
5 4516
5 4517
5 4518
5 4519
5 4520
5 4521
5 4522
5 4523
5 4524
5 4525
5 4526
5 4527
5 4528
5 4529
5 4530
5 4531
5 4532
5 4533
5 4534
5 4535
5 4536
5 4537
5 4538
5 4539
5 4540
5 4541
5 4542
5 4543
5 4544
5 4545
5 4546
5 4547
5 4548
5 4549
5 4550
5 4551
5 4552
5 4553
5 4554
5 4555
5 4556
5 4557
5 4558
5 4559
5 4560
5 4561
5 4562
5 4563
5 4564
5 4565
5 4566
5 4567
5 4568
5 4569
5 4570
5 4571
5 4572
5 4573
5 4574
5 4575
5 4576
5 4577
5 4578
5 4579
5 4580
5 4581
5 4582
5 4583
5 4584
5 4585
5 4586
5 4587
5 4588
5 4589
5 4590
5 4591
5 4592
5 4593
5 4594
5 4595
5 4596
5 4597
5 4598
5 4599
5 4600
5 4601
5 4602
5 4603
5 4604
5 4605
5 4606
5 4607
5 4608
5 4609
5 4610
5 4611
5 4612
5 4613
5 4614
5 4615
5 4616
5 4617
5 4618
5 4619
5 4620
5 4621
5 4622
5 4623
5 4624
5 4625
5 4626
5 4627
5 4628
5 4629
5 4630
5 4631
5 4632
5 4633
5 4634
5 4635
5 4636
5 4637
5 4638
5 4639
5 4640
5 4641
5 4642
5 4643
5 4644
5 4645
5 4646
5 4647
5 4648
5 4649
5 4650
5 4651
5 4652
5 4653
5 4654
5 4655
5 4656
5 4657
5 4658
5 4659
5 4660
5 4661
5 4662
5 4663
5 4664
5 4665
5 4666
5 4667
5 4668
5 4669
5 4670
5 4671
5 4672
5 4673
5 4674
5 4675
5 4676
5 4677
5 4678
5 4679
5 4680
5 4681
5 4682
5 4683
5 4684
5 4685
5 4686
5 4687
5 4688
5 4689
5 4690
5 4691
5 4692
5 4693
5 4694
5 4695
5 4696
5 4697
5 4698
5 4699
5 4700
5 4701
5 4702
5 4703
5 4704
5 4705
5 4706
5 4707
5 4708
5 4709
5 4710
5 4711
5 4712
5 4713
5 4714
5 4715
5 4716
5 4717
5 4718
5 4719
5 4720
5 4721
5 4722
5 4723
5 4724
5 4725
5 4726
5 4727
5 4728
5 4729
5 4730
5 4731
5 4732
5 4733
5 4734
5 4735
5 4736
5 4737
5 4738
5 4739
5 4740
5 4741
5 4742
5 4743
5 4744
5 4745
5 4746
5 4747
5 4748
5 4749
5 4750
5 4751
5 4752
5 4753
5 4754
5 4755
5 4756
5 4757
5 4758
5 4759
5 4760
5 4761
5 4762
5 4763
5 4764
5 4765
5 4766
5 4767
5 4768
5 4769
5 4770
5 4771
5 4772
5 4773
5 4774
5 4775
5 4776
5 4777
5 4778
5 4779
5 4780
5 4781
5 4782
5 4783
5 4784
5 4785
5 4786
5 4787
5 4788
5 4789
5 4790
5 4791
5 4792
5 4793
5 4794
5 4795
5 4796
5 4797
5 4798
5 4799
5 4800
5 4801
5 4802
5 4803
5 4804
5 4805
5 4806
5 4807
5 4808
5 4809
5 4810
5 4811
5 4812
5 4813
5 4814
5 4815
5 4816
5 4817
5 4818
5 4819
5 4820
5 4821
5 4822
5 4823
5 4824
5 4825
5 4826
5 4827
5 4828
5 4829
5 4830
5 4831
5 4832
5 4833
5 4834
5 4835
5 4836
5 4837
5 4838
5 4839
5 4840
5 4841
5 4842
5 4843
5 4844
5 4845
5 4846
5 4847
5 4848
5 4849
5 4850
5 4851
5 4852
5 4853
5 4854
5 4855
5 4856
5 4857
5 4858
5 4859
5 4860
5 4861
5 4862
5 4863
5 4864
5 4865
5 4866
5 4867
5 4868
5 4869
5 4870
5 4871
5 4872
5 4873
5 4874
5 4875
5 4876
5 4877
5 4878
5 4879
5 4880
5 4881
5 4882
5 4883
5 4884
5 4885
5 4886
5 4887
5 4888
5 4889
5 4890
5 4891
5 4892
5 4893
5 4894
5 4895
5 4896
5 4897
5 4898
5 4899
5 4900
5 4901
5 4902
5 4903
5 4904
5 4905
5 4906
5 4907
5 4908
5 4909
5 4910
5 4911
5 4912
5 4913
5 4914
5 4915
5 4916
5 4917
5 4918
5 4919
5 4920
5 4921
5 4922
5 4923
5 4924
5 4925
5 4926
5 4927
5 4928
5 4929
5 4930
5 4931
5 4932
5 4933
5 4934
5 4935
5 4936
5 4937
5 4938
5 4939
5 4940
5 4941
5 4942
5 4943
5 4944
5 4945
5 4946
5 4947
5 4948
5 4949
5 4950
5 4951
5 4952
5 4953
5 4954
5 4955
5 4956
5 4957
5 4958
5 4959
5 4960
5 4961
5 4962
5 4963
5 4964
5 4965
5 4966
5 4967
5 4968
5 4969
5 4970
5 4971
5 4972
5 4973
5 4974
5 4975
5 4976
5 4977
5 4978
5 4979
5 4980
5 4981
5 4982
5 4983
5 4984
5 4985
5 4986
5 4987
5 4988
5 4989
5 4990
5 4991
5 4992
5 4993
5 4994
5 4995
5 4996
5 4997
5 4998
5 4999
5 5000
5 5001
5 5002
5 5003
5 5004
5 5005
5 5006
5 5007
5 5008
5 5009
5 5010
5 5011
5 5012
5 5013
5 5014
5 5015
5 5016
5 5017
5 5018
5 5019
5 5020
5 5021
5 5022
5 5023
5 5024
5 5025
5 5026
5 5027
5 5028
5 5029
5 5030
5 5031
5 5032
5 5033
5 5034
5 5035
5 5036
5 5037
5 5038
5 5039
5 5040
5 5041
5 5042
5 5043
5 5044
5 5045
5 5046
5 5047
5 5048
5 5049
5 5050
5 5051
5 5052
5 5053
5 5054
5 5055
5 5056
5 5057
5 5058
5 5059
5 5060
5 5061
5 5062
5 5063
5 5064
5 5065
5 5066
5 5067
5 5068
5 5069
5 5070
5 5071
5 5072
5 5073
5 5074
5 5075
5 5076
5 5077
5 5078
5 5079
5 5080
5 5081
5 5082
5 5083
5 5084
5 5085
5 5086
5 5087
5 5088
5 5089
5 5090
5 5091
5 5092
5 5093
5 5094
5 5095
5 5096
5 5097
5 5098
5 5099
5 5100
5 5101
5 5102
5 5103
5 5104
5 5105
5 5106
5 5107
5 5108
5 5109
5 5110
5 5111
5 5112
5 5113
5 5114
5 5115
5 5116
5 5117
5 5118
5 5119
5 5120
5 5121
5 5122
5 5123
5 5124
1 5125
1 5126
1 5127
1 5128
1 5129
1 5130
1 5131
1 5132
1 5133
1 5134
1 5135
1 5136
1 5137
1 5138
1 5139
1 5140
1 5141
1 5142
1 5143
1 5144
1 5145
1 5146
1 5147
1 5148
1 5149
1 5150
1 5151
1 5152
1 5153
1 5154
1 5155
1 5156
1 5157
1 5158
1 5159
1 5160
1 5161
1 5162
1 5163
1 5164
1 5165
1 5166
1 5167
1 5168
1 5169
1 5170
1 5171
1 5172
1 5173
1 5174
1 5175
1 5176
1 5177
1 5178
1 5179
1 5180
1 5181
1 5182
1 5183
1 5184
1 5185
1 5186
1 5187
1 5188
1 5189
1 5190
1 5191
1 5192
1 5193
1 5194
1 5195
1 5196
1 5197
1 5198
1 5199
1 5200
1 5201
1 5202
1 5203
1 5204
1 5205
1 5206
1 5207
1 5208
1 5209
1 5210
1 5211
1 5212
1 5213
1 5214
1 5215
1 5216
1 5217
1 5218
1 5219
1 5220
1 5221
1 5222
1 5223
1 5224
1 5225
1 5226
1 5227
1 5228
1 5229
1 5230
1 5231
1 5232
1 5233
1 5234
1 5235
1 5236
1 5237
1 5238
1 5239
1 5240
1 5241
1 5242
1 5243
1 5244
1 5245
1 5246
1 5247
1 5248
1 5249
1 5250
1 5251
1 5252
1 5253
1 5254
1 5255
1 5256
1 5257
1 5258
1 5259
1 5260
1 5261
1 5262
1 5263
1 5264
1 5265
1 5266
1 5267
1 5268
1 5269
1 5270
1 5271
1 5272
1 5273
1 5274
1 5275
1 5276
1 5277
1 5278
1 5279
1 5280
1 5281
1 5282
1 5283
1 5284
1 5285
1 5286
1 5287
1 5288
1 5289
1 5290
1 5291
1 5292
1 5293
1 5294
1 5295
1 5296
1 5297
1 5298
1 5299
1 5300
1 5301
1 5302
1 5303
1 5304
1 5305
1 5306
1 5307
1 5308
1 5309
1 5310
1 5311
1 5312
1 5313
1 5314
1 5315
1 5316
1 5317
1 5318
1 5319
1 5320
1 5321
1 5322
1 5323
1 5324
1 5325
1 5326
1 5327
1 5328
1 5329
1 5330
1 5331
1 5332
1 5333
1 5334
1 5335
1 5336
1 5337
1 5338
1 5339
1 5340
1 5341
1 5342
1 5343
1 5344
1 5345
1 5346
1 5347
1 5348
1 5349
1 5350
1 5351
1 5352
1 5353
1 5354
1 5355
1 5356
1 5357
1 5358
1 5359
1 5360
1 5361
1 5362
1 5363
1 5364
1 5365
1 5366
1 5367
1 5368
1 5369
1 5370
1 5371
1 5372
1 5373
1 5374
1 5375
1 5376
1 5377
1 5378
1 5379
1 5380
1 5381
1 5382
1 5383
1 5384
1 5385
1 5386
1 5387
1 5388
1 5389
1 5390
1 5391
1 5392
1 5393
1 5394
1 5395
1 5396
1 5397
1 5398
1 5399
1 5400
1 5401
1 5402
1 5403
1 5404
1 5405
1 5406
1 5407
1 5408
1 5409
1 5410
1 5411
1 5412
1 5413
1 5414
1 5415
1 5416
1 5417
1 5418
1 5419
1 5420
1 5421
1 5422
1 5423
1 5424
1 5425
1 5426
1 5427
1 5428
1 5429
1 5430
1 5431
1 5432
1 5433
1 5434
1 5435
1 5436
1 5437
1 5438
1 5439
1 5440
1 5441
1 5442
1 5443
1 5444
1 5445
1 5446
1 5447
1 5448
1 5449
1 5450
1 5451
1 5452
1 5453
1 5454
1 5455
1 5456
1 5457
1 5458
1 5459
1 5460
1 5461
1 5462
1 5463
1 5464
1 5465
1 5466
1 5467
1 5468
1 5469
1 5470
1 5471
1 5472
1 5473
1 5474
1 5475
1 5476
1 5477
1 5478
1 5479
1 5480
1 5481
1 5482
1 5483
1 5484
1 5485
1 5486
1 5487
1 5488
1 5489
1 5490
1 5491
1 5492
1 5493
1 5494
1 5495
1 5496
1 5497
1 5498
1 5499
1 5500
1 5501
1 5502
1 5503
1 5504
1 5505
1 5506
1 5507
1 5508
1 5509
1 5510
1 5511
1 5512
1 5513
1 5514
1 5515
1 5516
1 5517
1 5518
1 5519
1 5520
1 5521
1 5522
1 5523
1 5524
12 5525
12 5526
12 5527
12 5528
12 5529
12 5530
12 5531
12 5532
12 5533
12 5534
12 5535
12 5536
12 5537
12 5538
12 5539
12 5540
12 5541
12 5542
12 5543
12 5544
12 5545
12 5546
12 5547
12 5548
12 5549
12 5550
12 5551
12 5552
12 5553
12 5554
12 5555
12 5556
12 5557
12 5558
12 5559
12 5560
12 5561
12 5562
12 5563
12 5564
12 5565
12 5566
12 5567
12 5568
12 5569
12 5570
12 5571
12 5572
12 5573
12 5574
12 5575
12 5576
12 5577
12 5578
12 5579
12 5580
12 5581
12 5582
12 5583
12 5584
12 5585
12 5586
12 5587
12 5588
12 5589
12 5590
12 5591
12 5592
12 5593
12 5594
12 5595
12 5596
12 5597
12 5598
12 5599
12 5600
12 5601
12 5602
12 5603
12 5604
12 5605
12 5606
12 5607
12 5608
12 5609
12 5610
12 5611
12 5612
12 5613
12 5614
12 5615
12 5616
12 5617
12 5618
12 5619
12 5620
12 5621
12 5622
12 5623
12 5624
0 5625
0 5626
0 5627
0 5628
0 5629
0 5630
0 5631
0 5632
0 5633
0 5634
0 5635
0 5636
0 5637
0 5638
0 5639
0 5640
0 5641
0 5642
0 5643
0 5644
0 5645
0 5646
0 5647
0 5648
0 5649
0 5650
0 5651
0 5652
0 5653
0 5654
0 5655
0 5656
0 5657
0 5658
0 5659
0 5660
0 5661
0 5662
0 5663
0 5664
0 5665
0 5666
0 5667
0 5668
0 5669
0 5670
0 5671
0 5672
0 5673
0 5674
0 5675
0 5676
0 5677
0 5678
0 5679
0 5680
0 5681
0 5682
0 5683
0 5684
0 5685
0 5686
0 5687
0 5688
0 5689
0 5690
0 5691
0 5692
0 5693
0 5694
0 5695
0 5696
0 5697
0 5698
0 5699
0 5700
0 5701
0 5702
0 5703
0 5704
0 5705
0 5706
0 5707
0 5708
0 5709
0 5710
0 5711
0 5712
0 5713
0 5714
0 5715
0 5716
0 5717
0 5718
0 5719
0 5720
0 5721
0 5722
0 5723
0 5724
0 5725
0 5726
0 5727
0 5728
0 5729
0 5730
0 5731
0 5732
0 5733
0 5734
0 5735
0 5736
0 5737
0 5738
0 5739
0 5740
0 5741
0 5742
0 5743
0 5744
0 5745
0 5746
0 5747
0 5748
0 5749
0 5750
0 5751
0 5752
0 5753
0 5754
0 5755
0 5756
0 5757
0 5758
0 5759
0 5760
0 5761
0 5762
0 5763
0 5764
0 5765
0 5766
0 5767
0 5768
0 5769
0 5770
0 5771
0 5772
0 5773
0 5774
0 5775
0 5776
0 5777
0 5778
0 5779
0 5780
0 5781
0 5782
0 5783
0 5784
0 5785
0 5786
0 5787
0 5788
0 5789
0 5790
0 5791
0 5792
0 5793
0 5794
0 5795
0 5796
0 5797
0 5798
0 5799
0 5800
0 5801
0 5802
0 5803
0 5804
0 5805
0 5806
0 5807
0 5808
0 5809
0 5810
0 5811
0 5812
0 5813
0 5814
0 5815
0 5816
0 5817
0 5818
0 5819
0 5820
0 5821
0 5822
0 5823
0 5824
0 5825
0 5826
0 5827
0 5828
0 5829
0 5830
0 5831
0 5832
0 5833
0 5834
0 5835
0 5836
0 5837
0 5838
0 5839
0 5840
0 5841
0 5842
0 5843
0 5844
0 5845
0 5846
0 5847
0 5848
0 5849
0 5850
0 5851
0 5852
0 5853
0 5854
0 5855
0 5856
0 5857
0 5858
0 5859
0 5860
0 5861
0 5862
0 5863
0 5864
0 5865
0 5866
0 5867
0 5868
0 5869
0 5870
0 5871
0 5872
0 5873
0 5874
0 5875
0 5876
0 5877
0 5878
0 5879
0 5880
0 5881
0 5882
0 5883
0 5884
0 5885
0 5886
0 5887
0 5888
0 5889
0 5890
0 5891
0 5892
0 5893
0 5894
0 5895
0 5896
0 5897
0 5898
0 5899
0 5900
0 5901
0 5902
0 5903
0 5904
0 5905
0 5906
0 5907
0 5908
0 5909
0 5910
0 5911
0 5912
0 5913
0 5914
0 5915
0 5916
0 5917
0 5918
0 5919
0 5920
0 5921
0 5922
0 5923
0 5924
0 5925
0 5926
0 5927
0 5928
0 5929
0 5930
0 5931
0 5932
0 5933
0 5934
0 5935
0 5936
0 5937
0 5938
0 5939
0 5940
0 5941
0 5942
0 5943
0 5944
0 5945
0 5946
0 5947
0 5948
0 5949
0 5950
0 5951
0 5952
0 5953
0 5954
0 5955
0 5956
0 5957
0 5958
0 5959
0 5960
0 5961
0 5962
0 5963
0 5964
0 5965
0 5966
0 5967
0 5968
0 5969
0 5970
0 5971
0 5972
0 5973
0 5974
0 5975
0 5976
0 5977
0 5978
0 5979
0 5980
0 5981
0 5982
0 5983
0 5984
0 5985
0 5986
0 5987
0 5988
0 5989
0 5990
0 5991
0 5992
0 5993
0 5994
0 5995
0 5996
0 5997
0 5998
0 5999
0 6000
0 6001
0 6002
0 6003
0 6004
0 6005
0 6006
0 6007
0 6008
0 6009
0 6010
0 6011
0 6012
0 6013
0 6014
0 6015
0 6016
0 6017
0 6018
0 6019
0 6020
0 6021
0 6022
0 6023
0 6024
0 6025
0 6026
0 6027
0 6028
0 6029
0 6030
0 6031
0 6032
0 6033
0 6034
0 6035
0 6036
0 6037
0 6038
0 6039
0 6040
0 6041
0 6042
0 6043
0 6044
0 6045
0 6046
0 6047
0 6048
0 6049
0 6050
0 6051
0 6052
0 6053
0 6054
0 6055
0 6056
0 6057
0 6058
0 6059
0 6060
0 6061
0 6062
0 6063
0 6064
0 6065
0 6066
0 6067
0 6068
0 6069
0 6070
0 6071
0 6072
0 6073
0 6074
0 6075
0 6076
0 6077
0 6078
0 6079
0 6080
0 6081
0 6082
0 6083
0 6084
0 6085
0 6086
0 6087
0 6088
0 6089
0 6090
0 6091
0 6092
0 6093
0 6094
0 6095
0 6096
0 6097
0 6098
0 6099
0 6100
0 6101
0 6102
0 6103
0 6104
0 6105
0 6106
0 6107
0 6108
0 6109
0 6110
0 6111
0 6112
0 6113
0 6114
0 6115
0 6116
0 6117
0 6118
0 6119
0 6120
0 6121
0 6122
0 6123
0 6124
0 6125
0 6126
0 6127
0 6128
0 6129
0 6130
0 6131
0 6132
0 6133
0 6134
0 6135
0 6136
0 6137
0 6138
0 6139
0 6140
0 6141
0 6142
0 6143
0 6144
0 6145
0 6146
0 6147
0 6148
0 6149
0 6150
0 6151
0 6152
0 6153
0 6154
0 6155
0 6156
0 6157
0 6158
0 6159
0 6160
0 6161
0 6162
0 6163
0 6164
0 6165
0 6166
0 6167
0 6168
0 6169
0 6170
0 6171
0 6172
0 6173
0 6174
0 6175
0 6176
0 6177
0 6178
0 6179
0 6180
0 6181
0 6182
0 6183
0 6184
0 6185
0 6186
0 6187
0 6188
0 6189
0 6190
0 6191
0 6192
0 6193
0 6194
0 6195
0 6196
0 6197
0 6198
0 6199
0 6200
0 6201
0 6202
0 6203
0 6204
0 6205
0 6206
0 6207
0 6208
0 6209
0 6210
0 6211
0 6212
0 6213
0 6214
0 6215
0 6216
0 6217
0 6218
0 6219
0 6220
0 6221
0 6222
0 6223
0 6224
0 6225
0 6226
