0 119
4 2006
6 2965
7 1981
8 121
8 3901
8 2006
8 2239
9 36
11 566
11 245
18 5574
18 1715
18 159
22 815
23 955
23 2580
24 3432
24 3432
26 1938
26 14
26 1758
27 1236
28 1948
29 3636
30 5585
31 486
33 209
33 2919
34 1948
35 1026
36 4369
36 5346
36 696
39 2028
39 3397
39 992
39 1111
40 3432
41 236
43 4355
43 2285
43 1752
44 472
45 425
45 619
45 2541
45 2470
45 710
45 2836
46 160
46 2919
46 2151
46 2479
47 2965
47 2057
48 1936
49 1065
50 108
50 2153
51 1038
52 4527
52 4784
52 3879
53 2479
55 154
55 5351
55 2479
56 225
56 236
56 4471
57 13
57 148
59 940
60 1038
61 2134
64 1938
65 1758
67 2976
68 173
70 2062
74 2238
74 2471
77 5011
77 2919
77 2976
77 2032
77 2322
77 2470
77 2322
78 907
78 2965
78 2672
78 770
80 472
80 2919
80 2479
81 2965
86 1981
89 121
93 93
97 4602
98 1929
99 941
99 4471
99 4340
101 282
102 404
102 770
106 487
106 148
106 2479
107 16
109 1079
110 2672
110 2057
111 112
112 11
113 2919
113 2257
113 2479
115 1938
115 1758
116 244
116 2265
116 24
116 3432
117 245
118 1368
118 1758
118 3991
118 931
120 1673
122 2152
123 2131
124 3133
124 3636
126 216
126 907
126 2965
126 2479
128 2965
129 447
129 2580
130 5528
130 2152
131 2479
134 2919
137 4847
138 4
139 585
140 115
140 1038
140 2153
141 2865
142 469
142 659
142 282
142 253
143 4516
143 1026
144 4369
147 425
147 2541
147 2836
148 62
149 3072
149 2471
150 4515
152 1038
154 1058
154 3072
154 1080
154 1164
160 940
160 2151
162 2006
164 566
165 2919
165 2470
165 2044
165 1093
165 2479
167 116
167 2238
168 2285
170 1029
170 2004
170 1118
171 3256
172 2036
173 5577
173 4853
173 14
173 77
173 2239
173 1758
174 128
175 12
175 295
175 1938
175 14
175 2239
179 1758
180 1332
180 216
180 1375
180 4926
182 6
186 1093
187 5577
187 4369
187 2976
189 1752
189 2006
190 1961
190 5400
191 2035
191 2965
192 1093
193 161
195 5562
196 2965
196 2672
197 2185
200 2965
203 940
203 4369
203 2965
204 1948
207 2010
210 43
212 2919
212 2976
212 2322
212 2470
212 1375
213 5565
213 1700
216 5577
216 2919
216 2032
216 1375
217 2479
218 1021
218 1009
219 56
219 225
220 17
221 5577
221 2919
221 2976
223 80
223 2029
224 11
224 1981
226 2672
228 112
228 4953
229 2634
230 31
231 5554
232 2919
233 2672
233 2057
233 817
234 2032
235 77
235 1337
235 2153
236 4471
236 5038
237 160
237 2919
237 2151
238 1754
239 1164
240 1454
241 715
241 3929
241 5577
241 216
241 2919
242 2919
243 4602
244 3432
244 3432
244 2471
246 1739
246 2010
248 457
248 3974
249 2370
249 4853
249 338
250 945
253 1228
253 1287
253 908
254 2541
254 2836
256 4936
256 5108
256 2839
257 18
257 2319
258 2837
258 2707
259 898
259 2487
259 370
260 2605
261 361
261 657
261 455
261 757
261 663
261 744
261 2824
262 2670
262 396
262 2584
262 2307
263 5089
263 4850
263 589
263 2650
264 892
264 457
264 2452
264 4739
264 4018
264 2947
265 457
266 381
266 816
267 413
269 767
269 4966
269 2644
269 251
269 2943
270 58
270 4301
270 2773
270 1338
271 2837
271 2715
273 418
275 4423
276 2321
276 251
277 909
277 2626
277 2407
277 2424
278 285
279 510
279 1283
279 2909
280 1337
280 3883
282 489
282 642
283 532
284 909
284 2626
284 760
284 2407
286 372
287 4852
289 304
289 4524
289 2629
290 2591
292 633
293 3016
293 5372
293 3183
295 2421
297 2914
298 678
300 3864
301 348
301 469
302 2753
302 2822
303 908
305 2672
305 2209
305 770
305 2479
305 4109
308 2941
308 1374
308 422
309 3849
311 927
311 2295
311 2644
311 4549
311 2943
311 2943
311 444
314 770
314 2692
314 4860
315 2406
317 439
318 4605
319 108
320 2973
320 5211
320 744
322 4416
322 1314
322 2773
322 2906
322 4532
322 637
323 2689
324 2809
324 858
325 1992
325 278
325 571
325 4464
325 550
326 2871
326 908
326 2856
327 4081
327 2421
327 1499
327 2681
327 3858
329 806
330 2603
330 3858
330 3858
330 2880
331 153
332 678
333 694
333 5108
333 917
334 4660
334 2597
334 3899
335 4300
336 5107
336 348
336 2437
336 798
336 418
337 2300
337 2775
337 3836
337 2584
338 4853
338 649
338 649
339 2710
339 4850
341 5019
342 594
342 2692
342 2307
344 917
347 461
347 4715
347 820
348 689
348 798
348 4962
348 418
349 5015
350 4935
351 2487
351 370
351 2856
351 2787
351 558
351 2878
352 815
352 1735
352 846
352 2479
353 397
354 2502
355 723
355 4553
356 360
356 289
358 3982
358 2487
358 2502
358 2584
359 145
359 4430
359 2775
359 2677
361 253
362 965
362 423
362 2482
362 2745
364 24
366 4911
368 3879
368 2753
368 2775
368 5318
369 759
369 2644
369 2836
369 2943
369 723
369 5180
370 2856
370 2787
371 589
371 2748
372 418
374 744
374 2645
375 534
378 368
379 2944
380 404
381 528
381 4344
382 708
382 4524
382 2294
382 2781
382 911
383 4524
384 348
384 363
384 2437
384 798
384 418
384 315
385 737
386 4808
386 4941
387 2729
388 837
389 2410
389 2837
390 2336
392 2312
394 550
394 4538
395 2707
396 1401
396 633
397 3926
397 4040
397 4060
398 3977
398 262
398 2670
398 568
398 4126
399 418
399 315
402 754
403 338
403 2452
403 2897
405 2918
405 825
406 2452
406 4739
406 4018
406 4020
406 2753
406 2822
407 2824
409 2783
409 754
412 823
412 2838
412 2626
413 2947
414 3963
414 649
416 116
416 613
419 2029
419 476
420 2802
420 457
420 2897
420 2947
421 1499
422 283
422 2645
423 2369
423 2878
423 2307
424 285
424 2725
424 695
425 4539
425 2745
425 2725
425 695
426 626
426 4553
428 794
429 4047
429 3982
429 2837
431 5019
431 2931
434 526
434 4345
434 1337
434 3883
434 4071
435 2707
435 2692
436 642
437 752
437 2882
437 2795
439 746
439 723
439 2880
441 406
441 2822
442 22
442 2708
442 761
442 2650
446 1382
446 2344
446 2600
446 382
446 2597
447 459
448 831
449 5216
450 642
451 610
451 2479
452 2650
452 4126
453 254
453 2070
453 2470
453 5318
453 2836
454 2708
454 2650
454 4513
456 368
457 2947
458 308
459 2629
460 429
460 2710
460 4850
460 2370
460 1368
461 737
462 686
463 361
463 2818
464 3858
465 4848
465 2537
465 2928
466 2672
466 770
466 2479
467 2773
467 4532
467 2918
467 1215
467 825
467 476
467 637
467 518
468 258
468 609
469 5017
469 4409
469 659
469 381
470 1017
470 4515
470 2900
472 4369
472 696
472 4531
473 282
474 422
474 374
475 403
475 921
475 2897
475 5017
475 5017
475 2822
476 637
477 3858
477 254
477 3858
479 506
479 2336
479 2952
480 195
480 2630
480 404
481 253
481 2403
481 397
484 2838
484 2878
484 2626
484 2407
484 2407
484 2424
487 4737
489 2600
490 258
490 2837
490 2707
492 558
492 2838
492 2878
492 2407
493 574
494 222
495 803
495 5105
496 4553
496 2856
496 2745
497 335
498 4850
498 790
500 411
500 2795
500 2568
501 2753
501 815
501 5237
503 2416
503 2483
503 384
504 810
505 850
505 663
507 2827
507 4784
507 469
507 3977
508 282
508 4953
509 413
509 367
509 457
510 2806
510 469
510 4409
510 381
512 2824
513 457
516 2550
518 594
520 2822
520 2795
521 2707
521 642
521 2479
521 4071
521 2502
522 124
522 4660
522 2597
522 845
526 530
527 73
527 2871
527 2838
527 2407
527 2424
528 3858
528 3977
528 4047
528 4126
529 2947
529 368
529 4784
529 752
529 3879
532 2824
533 649
533 649
534 3969
535 2488
537 650
537 4739
537 4784
537 3879
537 710
537 908
540 3959
540 5038
540 391
541 779
541 2309
541 457
542 269
544 753
544 738
546 100
548 1190
548 3971
549 425
549 290
550 89
553 2824
554 2550
554 2466
554 3971
554 2650
554 2321
555 2670
555 1338
556 93
557 497
557 2447
557 2689
557 2819
557 2639
557 2689
558 317
558 2838
558 2878
558 760
558 2407
558 2424
559 2151
559 2836
559 1981
559 898
559 2479
560 2065
560 4516
560 4516
560 2672
560 770
563 4516
563 2672
564 2802
564 555
567 4852
568 2385
568 4126
568 3106
569 367
571 4908
571 4605
572 1328
575 515
576 398
576 130
576 330
576 2152
577 2336
577 2952
577 476
577 382
578 4312
578 4850
578 1261
578 790
579 649
581 455
581 2508
581 2480
582 469
582 5017
582 381
584 158
585 3864
586 2670
587 2629
588 598
589 2708
589 5089
589 4000
589 4850
589 589
589 3963
589 3956
591 2943
591 2943
592 3223
592 289
593 2943
593 2943
593 784
594 121
594 2307
594 2944
595 635
595 1255
595 4472
595 404
595 4126
597 131
597 4376
599 813
599 754
599 2584
599 558
599 317
600 552
600 2471
601 2631
601 3976
602 4430
602 2775
602 5318
602 2307
603 520
603 2753
603 2672
603 2062
604 3834
604 3837
605 790
605 3981
606 21
606 4860
606 2597
607 714
607 413
607 367
607 457
609 343
610 1929
610 2191
610 1929
610 2479
610 2744
611 459
612 4837
612 2368
612 5495
614 2856
615 565
618 1938
618 2370
618 4850
618 1758
619 3487
619 3487
619 54
623 2856
623 3926
624 2787
625 949
625 5577
625 2976
625 4602
626 83
626 558
628 2479
628 2307
629 2837
629 4539
630 833
630 720
630 2538
631 4852
632 4076
632 2406
633 2879
633 444
634 4532
634 678
635 520
635 404
635 2837
636 155
637 351
637 476
638 268
639 109
639 737
640 31
640 5577
640 254
640 927
640 2541
640 2070
640 2644
640 4549
641 51
641 2787
642 2502
642 2692
643 2344
643 2600
643 382
644 407
644 148
646 4079
646 1228
646 4376
647 685
649 4605
649 822
650 7
650 705
650 3858
650 4309
650 3858
650 3977
653 2915
653 650
653 4693
653 3858
654 708
654 4524
654 2781
654 2629
654 2629
657 374
657 744
657 637
658 657
658 2824
659 659
659 2836
659 4953
661 282
661 4953
662 888
662 3971
662 3954
663 744
663 2323
663 2824
666 1083
666 3249
666 2471
667 2776
667 2725
667 695
667 2424
667 2307
669 712
669 2366
669 4416
669 733
670 2368
672 253
672 3982
672 5180
673 422
674 69
674 320
674 5211
674 744
677 890
678 2493
680 2792
680 518
680 796
681 4312
681 2650
682 2775
682 4934
682 2880
682 594
683 637
685 708
685 2781
686 876
688 594
688 2584
688 2307
688 2307
689 2437
689 4962
689 418
690 2918
690 825
690 810
692 629
692 692
692 790
693 2527
693 4802
693 4776
693 4776
693 2837
694 767
696 931
699 626
701 2312
705 4309
705 863
705 3858
705 4126
705 262
705 2670
705 2663
708 775
708 2600
710 10
713 44
713 2928
714 2708
714 457
714 2947
716 2479
718 5305
718 642
718 2600
719 15
719 2476
721 509
721 2391
721 361
721 745
721 2943
721 633
722 1253
722 4665
722 3316
722 3307
724 2410
726 1544
726 3289
726 324
727 425
727 290
730 4516
730 2965
730 2672
730 770
731 583
731 4860
731 3899
732 2039
732 4040
732 4040
734 389
734 1344
735 2753
735 2775
735 5318
735 594
736 2882
737 2519
738 2395
738 2773
738 2482
738 690
738 2918
740 6
740 2732
740 925
741 2972
741 3883
741 404
741 2410
741 2837
742 2983
742 2941
743 457
744 744
745 2334
745 1377
745 476
746 4404
746 723
747 4117
747 4538
748 367
748 457
748 3858
748 3858
750 4108
751 5123
752 795
752 2753
752 2822
752 2795
752 5318
752 2307
753 2548
753 4538
754 2783
754 754
754 4065
756 93
757 474
757 663
757 374
757 744
758 823
759 2471
759 1164
759 610
759 2479
760 382
760 2796
760 4538
761 266
762 2692
762 4790
762 3867
762 2597
764 752
764 2753
764 2775
764 2822
764 5318
765 765
765 796
766 2403
767 2837
767 2707
767 2715
767 2692
767 4790
768 2286
768 555
768 2368
769 2775
769 5318
770 2479
770 2744
770 2878
770 2424
771 390
771 3883
771 2339
772 550
772 317
772 4538
773 806
773 2537
774 4370
774 2715
775 752
775 2753
775 2882
775 3888
776 4687
776 4376
776 894
776 4699
776 476
776 637
777 2602
778 2557
778 5017
778 4960
779 447
779 705
779 705
779 3858
779 4309
779 3858
780 396
780 4117
782 761
784 784
784 2807
784 663
787 941
787 2387
788 129
789 2395
789 2482
790 649
791 2482
791 4911
791 4911
792 2368
793 254
794 3976
794 1561
794 3976
794 1364
794 3904
795 4567
795 594
797 4479
797 2538
798 796
798 418
799 2466
799 4312
800 2024
800 4605
801 2639
802 2368
802 4890
803 91
805 363
805 3974
806 2537
806 5057
806 2928
807 2537
808 5577
808 2919
808 4602
808 815
808 2479
809 836
811 5605
812 649
812 4605
814 116
814 4316
814 4319
814 4575
815 2479
816 797
817 770
818 1365
818 295
818 5092
818 339
818 2421
818 1499
818 2710
820 4309
820 3858
821 407
822 2424
823 2020
824 594
825 473
825 810
825 476
826 2580
826 820
826 4430
827 2984
827 2984
828 2597
829 124
829 4735
829 363
829 796
829 459
830 508
831 661
831 5107
831 689
831 798
832 79
832 1261
832 3981
835 26
836 940
836 2260
836 759
836 2151
836 815
836 610
837 5180
838 396
838 1401
839 2640
841 459
841 4023
841 2360
842 4620
842 262
842 568
843 481
843 3106
843 2403
844 296
846 312
846 610
846 2479
847 744
847 5074
848 540
849 93
849 2832
849 573
850 6
851 541
852 319
852 2698
854 2580
855 2771
855 2368
857 368
857 752
857 2397
859 348
861 472
861 2541
861 907
861 710
861 2836
862 4880
862 2838
863 4126
863 262
863 4126
865 4471
865 2580
865 341
865 4047
867 4300
867 2928
867 4574
868 300
869 413
869 2969
869 3888
870 382
871 2312
871 2294
872 877
873 764
873 2452
873 2753
873 2822
873 2584
874 92
874 2776
874 2725
874 695
874 2307
876 4309
876 3858
876 2455
876 3977
877 884
877 3971
878 1238
878 2474
879 886
879 4539
880 2708
880 2650
880 4513
881 789
881 4850
881 4853
883 596
883 4776
883 2836
885 425
885 2492
885 2745
885 2878
885 2725
888 2909
888 4656
888 5084
889 635
889 490
889 258
889 2837
890 109
891 2487
891 2369
891 695
893 2064
894 473
894 476
896 908
896 2856
897 2836
899 2813
900 2410
900 2707
901 1961
902 3040
905 141
905 254
905 2541
905 2836
906 2787
906 2838
907 2057
907 817
907 770
907 2715
908 2787
908 558
908 2878
909 390
909 3883
911 2914
911 2824
912 1164
913 4524
913 796
913 459
913 2480
913 2629
914 914
914 4734
915 852
915 2640
916 916
916 2424
916 418
917 5108
917 917
919 1368
921 2897
923 313
923 746
924 650
924 3858
924 3858
924 3977
924 4126
926 2286
928 3003
928 5295
928 3040
931 898
931 2257
931 2479
931 2584
933 103
934 5294
934 1432
939 1216
939 6137
939 574
940 3290
941 3072
942 5232
943 1634
943 3188
943 3037
943 3147
945 1468
945 3143
945 520
945 520
946 2571
947 1512
948 1543
948 1448
948 3322
948 3087
948 3143
948 5232
950 3901
950 901
951 1436
951 1677
951 1494
952 4305
952 3858
953 3037
953 3268
953 1529
953 5254
955 1065
955 130
955 2152
956 1630
956 3143
958 0
958 3432
958 3432
961 1122
964 6074
966 1065
967 1073
967 1029
967 1141
968 3484
968 3574
969 986
975 5897
975 1142
975 2983
976 2247
977 5735
990 71
990 2153
998 2672
998 770
1000 5767
1001 147
1002 404
1003 3297
1004 24
1004 3432
1004 3432
1006 30
1009 1055
1009 1123
1010 2983
1010 3245
1012 3432
1017 1045
1019 3432
1021 5944
1021 5897
1021 2983
1022 5929
1024 1034
1024 1092
1026 127
1027 2152
1028 1799
1029 1033
1030 770
1032 3669
1037 3289
1038 71
1038 6042
1038 1093
1040 1118
1043 3479
1043 3582
1045 1135
1046 1046
1047 1133
1049 3620
1049 3620
1049 5984
1050 1849
1051 1716
1051 2153
1052 1132
1053 88
1055 5917
1057 86
1057 3525
1057 1009
1058 1106
1058 1080
1058 1164
1059 1031
1059 1123
1059 6093
1060 19
1060 986
1063 86
1063 1025
1066 158
1066 3526
1074 996
1074 1009
1076 3608
1077 6026
1080 1164
1081 127
1081 1026
1087 1038
1087 6042
1087 2153
1087 2090
1087 1113
1087 1031
1089 4178
1094 2057
1094 2584
1096 1038
1097 6165
1098 1599
1098 1021
1101 3634
1101 1033
1101 1033
1103 3633
1104 119
1105 1671
1105 3479
1105 5674
1105 5753
1107 1889
1107 1028
1108 4272
1108 986
1110 3468
1112 6093
1115 1149
1121 114
1122 1064
1123 1921
1124 3557
1124 1028
1125 1799
1126 105
1126 985
1129 3072
1129 1080
1129 1164
1130 1156
1132 1135
1134 1817
1134 3557
1134 6074
1135 5929
1136 1735
1137 1065
1139 1753
1139 1142
1140 1028
1143 97
1143 1140
1143 3669
1144 3646
1144 3669
1146 3432
1154 6180
1157 0
1157 3432
1160 3205
1162 1974
1162 3646
1163 5822
1165 1021
1165 6026
1165 5897
1165 1142
1166 1375
1167 3578
1168 986
1168 5944
1172 986
1172 986
1173 3525
1176 1164
1176 996
1180 1180
1181 458
1182 150
1182 4886
1183 156
1186 95
1187 2466
1188 1261
1189 4850
1189 1195
1190 511
1191 1443
1193 4852
1194 5032
1194 4850
1195 649
1195 649
1196 4123
1198 1734
1199 592
1203 922
1206 473
1206 476
1207 2773
1207 690
1207 405
1207 2918
1207 825
1207 810
1208 2928
1210 2715
1211 2834
1211 4883
1211 4850
1212 5107
1213 2368
1214 101
1215 825
1215 4699
1215 810
1217 212
1217 3858
1217 3858
1218 4962
1218 2340
1221 4602
1222 2406
1223 2880
1224 2024
1224 3942
1224 4038
1224 425
1224 2369
1225 4693
1226 3895
1228 110
1228 908
1228 2856
1230 2064
1230 4911
1230 4911
1230 4652
1230 360
1230 720
1231 4401
1232 771
1232 148
1233 2748
1233 3936
1233 649
1233 3942
1233 649
1234 4792
1235 15
1236 4369
1236 696
1239 763
1240 744
1241 679
1241 714
1243 2807
1243 663
1244 661
1244 4935
1246 2792
1246 796
1247 2753
1247 2070
1247 4966
1248 1017
1248 3867
1249 4898
1250 603
1250 1728
1252 2283
1252 2707
1254 403
1254 2795
1255 520
1255 404
1255 5318
1255 520
1256 2152
1257 35
1258 517
1258 603
1260 2006
1261 790
1261 2748
1261 4934
1261 594
1262 2919
1262 2822
1262 2143
1262 4935
1262 2479
1262 4971
1262 2307
1263 5180
1263 2818
1265 5107
1266 1960
1267 258
1267 4126
1267 2837
1269 2856
1269 2407
1269 2307
1269 2944
1270 2044
1270 610
1270 2479
1271 279
1274 15
1276 372
1276 2487
1276 370
1278 663
1278 5888
1278 2776
1278 4816
1280 4605
1282 2947
1283 510
1283 1283
1283 2806
1283 2345
1283 469
1283 2321
1283 4409
1283 381
1286 5180
1286 2818
1286 523
1287 2677
1287 908
1287 2487
1287 2856
1287 3926
1288 4471
1288 389
1288 4471
1290 1274
1290 4053
1290 3858
1290 3858
1291 678
1293 339
1293 1938
1296 4321
1297 896
1297 642
1298 4529
1300 102
1301 433
1301 2928
1301 2323
1303 693
1303 2972
1303 4776
1303 2837
1304 4850
1304 790
1305 1217
1305 3268
1305 876
1306 440
1306 854
1306 854
1307 119
1307 2188
1308 2915
1308 863
1310 589
1310 589
1312 954
1314 476
1314 637
1318 484
1318 1205
1320 558
1320 4890
1321 5180
1322 642
1322 2502
1322 4971
1322 4524
1323 571
1323 4079
1323 2871
1324 1344
1324 413
1324 4516
1325 141
1325 2865
1325 2865
1327 1077
1328 5006
1329 708
1330 404
1330 258
1330 3982
1332 143
1334 4471
1335 2550
1336 5108
1336 917
1336 2600
1336 4429
1336 382
1339 539
1339 4061
1342 936
1343 1499
1343 3858
1343 820
1343 2603
1344 3883
1345 289
1345 2856
1345 2312
1346 2377
1346 4404
1347 2424
1347 2307
1349 603
1349 2707
1350 280
1350 4589
1351 283
1351 2580
1351 4471
1351 4047
1351 664
1353 833
1354 2631
1355 4852
1356 3988
1356 278
1356 550
1357 2629
1358 767
1361 4119
1361 4119
1361 3702
1361 4119
1362 528
1362 312
1364 4531
1365 1241
1365 2769
1365 339
1365 1499
1366 663
1366 2736
1367 607
1367 4075
1368 262
1368 4126
1370 2482
1370 2502
1371 607
1371 413
1373 820
1374 587
1374 913
1375 931
1375 610
1375 2479
1376 2344
1377 1377
1377 2952
1377 760
1378 652
1378 457
1380 3852
1380 4890
1380 2487
1381 2639
1382 4429
1383 2561
1383 3858
1383 3858
1384 2776
1385 2856
1387 4685
1390 4372
1390 2972
1391 2597
1392 473
1392 2865
1392 2865
1392 5105
1392 2493
1393 1397
1393 589
1394 778
1394 4770
1394 2878
1394 2725
1394 695
1394 2626
1394 2424
1394 300
1394 796
1397 3848
1397 3991
1398 5105
1399 3883
1400 2039
1401 289
1401 3307
1406 4033
1406 4123
1406 5089
1406 618
1406 4850
1409 2771
1409 2579
1409 723
1409 2818
1409 285
1409 2732
1410 760
1410 1458
1410 1546
1410 1559
1411 5675
1412 31
1414 104
1414 1568
1421 156
1422 5978
1423 1568
1423 926
1423 855
1423 538
1423 2286
1424 48
1424 1486
1425 3268
1428 843
1429 5871
1431 1458
1431 1546
1432 2471
1433 1432
1435 760
1435 1458
1435 1559
1436 2210
1436 116
1438 3297
1439 290
1441 100
1444 55
1445 1561
1446 145
1450 2662
1451 270
1451 472
1451 3160
1451 710
1454 1397
1458 1559
1458 1432
1459 3277
1459 1411
1461 3297
1462 3268
1463 2471
1465 855
1466 1486
1470 4850
1472 695
1472 2471
1473 3115
1474 3335
1475 141
1475 2708
1476 2634
1476 3289
1476 1486
1478 2781
1479 2708
1483 1164
1485 2552
1485 4946
1485 3871
1485 3871
1487 396
1488 1559
1489 3049
1492 129
1494 3432
1494 2471
1495 1435
1495 1559
1496 2471
1497 3042
1499 5109
1499 2984
1499 2984
1503 4569
1503 2479
1504 1673
1504 2116
1504 621
1505 1972
1507 1070
1508 4600
1509 2604
1510 3072
1510 6055
1512 5385
1513 1018
1513 3049
1513 3042
1515 3976
1515 3904
1515 3904
1517 1544
1517 1432
1520 22
1520 3268
1520 1513
1521 100
1522 2421
1522 1499
1522 820
1522 919
1523 1494
1524 1447
1528 629
1528 2792
1529 48
1530 1543
1530 3087
1530 1952
1535 324
1543 96
1544 777
1546 1559
1546 1432
1549 3249
1550 2571
1551 2650
1551 3904
1551 3904
1555 48
1555 1428
1555 1512
1557 100
1558 108
1558 2550
1558 3971
1559 552
1560 1941
1560 3249
1562 108
1563 1546
1565 1106
1565 1080
1566 3040
1567 574
1568 855
1568 538
1570 1941
1570 3249
1572 128
1573 1080
1573 1164
1574 3159
1574 3250
1575 3042
1576 1447
1577 2983
1577 3192
1578 983
1580 3318
1582 109
1583 3297
1588 1288
1588 3143
1589 1052
1590 1630
1590 1486
1592 1042
1592 3143
1596 5184
1596 649
1596 649
1598 784
1600 1513
1602 3294
1603 3268
1606 1462
1607 3051
1608 3106
1609 54
1613 3218
1614 3226
1617 429
1617 1499
1617 919
1618 1270
1618 3297
1630 109
1630 3243
1632 2320
1632 5184
1634 1051
1634 3143
1637 3003
1639 3115
1639 3001
1640 3249
1641 1362
1642 3009
1645 2479
1646 5346
1647 1807
1648 5574
1648 1111
1649 1357
1652 5562
1654 5802
1654 3582
1654 3582
1655 2479
1656 139
1657 2257
1657 2479
1659 71
1659 2153
1659 1992
1659 1093
1660 1849
1662 3582
1662 3582
1665 2479
1666 138
1666 3858
1666 3858
1666 3977
1666 2837
1668 5322
1669 1
1670 107
1672 32
1674 3171
1675 221
1675 1739
1676 132
1678 1011
1683 1694
1683 3582
1685 2233
1685 2322
1685 2470
1685 2322
1687 5574
1687 5604
1688 5623
1688 6186
1688 5193
1688 770
1689 4
1689 404
1690 907
1690 2965
1690 2057
1692 160
1692 2965
1692 2151
1694 2479
1696 1160
1697 3
1699 2479
1700 3432
1700 3432
1701 2965
1704 2044
1704 2257
1704 2479
1705 770
1706 4
1707 2203
1707 1009
1707 1055
1708 1717
1708 6180
1708 1035
1709 3582
1709 5958
1710 2114
1710 2062
1710 4106
1711 1653
1713 1436
1713 5356
1714 350
1715 2151
1715 2479
1716 2983
1717 126
1717 973
1718 4372
1720 1309
1720 5598
1721 2028
1721 1111
1721 24
1721 3432
1721 2471
1723 4174
1724 610
1724 4634
1727 5041
1727 1972
1728 2707
1729 32
1729 1761
1735 610
1735 2479
1736 13
1737 2429
1738 1961
1742 2479
1743 2479
1744 1780
1745 1009
1747 2707
1748 2166
1748 160
1748 2151
1750 135
1752 37
1752 2006
1754 1960
1754 679
1755 404
1756 2029
1758 2146
1759 4
1760 1948
1760 2965
1760 817
1762 1182
1763 1092
1764 18
1764 5574
1764 1715
1766 2188
1768 5543
1768 216
1768 2919
1768 2032
1768 5351
1768 2143
1770 996
1772 907
1773 2251
1776 2479
1777 128
1778 940
1782 931
1782 2257
1782 2479
1783 2919
1785 1981
1786 76
1788 1761
1788 2010
1789 5351
1789 2138
1789 5342
1790 2479
1791 610
1793 2965
1793 2672
1793 2057
1793 770
1794 155
1795 5664
1795 218
1796 770
1797 4935
1797 2479
1799 2064
1799 1929
1800 770
1801 1140
1801 1375
1801 5342
1801 2479
1802 4605
1802 2479
1803 280
1803 2580
1805 4875
1809 127
1809 770
1811 2024
1813 283
1814 123
1814 1720
1815 4
1816 659
1816 2943
1816 2818
1817 7
1818 55
1818 4369
1818 696
1818 696
1819 2
1821 14
1822 847
1822 2479
1823 940
1823 2479
1828 2188
1829 1559
1829 1432
1831 1446
1832 37
1832 1752
1832 2006
1834 5
1835 244
1835 2456
1836 5577
1836 77
1836 2919
1836 2032
1838 940
1838 2260
1838 931
1838 2479
1839 931
1839 4935
1839 610
1839 2479
1840 1009
1841 2983
1842 1948
1842 986
1842 986
1843 2707
1844 2003
1845 2452
1845 2283
1847 907
1848 2479
1849 2143
1849 4935
1850 2004
1851 2479
1854 2479
1856 940
1858 2919
1858 2479
1860 237
1863 57
1863 1675
1863 1739
1865 952
1866 214
1868 1948
1870 88
1870 3072
1871 2010
1871 6058
1871 1929
1871 2479
1872 2734
1873 6003
1873 2672
1873 2837
1874 2096
1874 2153
1875 2479
1876 3171
1877 2919
1882 127
1883 2186
1883 2116
1883 2006
1884 2795
1885 3620
1886 610
1888 2010
1888 2064
1888 1929
1888 2479
1889 1655
1889 2479
1891 457
1891 603
1891 1728
1893 4602
1894 229
1894 2479
1896 5255
1898 2257
1898 2479
1899 441
1899 710
1899 2822
1904 872
1904 148
1905 155
1906 5351
1906 4935
1909 2010
1909 6058
1909 2064
1909 1929
1909 1929
1909 2479
1910 5577
1910 2976
1910 2541
1910 2257
1912 2151
1912 815
1912 2010
1912 6058
1912 2880
1912 2479
1913 1499
1914 1030
1914 2965
1914 2672
1914 770
1916 90
1919 5255
1919 2154
1919 742
1919 2479
1920 3049
1920 3239
1920 5214
1921 6087
1922 327
1922 2006
1922 1758
1923 3901
1924 5346
1924 2479
1925 528
1925 1093
1926 2479
1926 4971
1927 1938
1927 14
1927 54
1927 1758
1928 2151
1930 80
1930 1972
1930 2116
1931 2976
1933 327
1933 2071
1933 14
1933 1758
1934 2116
1934 2238
1937 4515
1937 2707
1938 1911
1938 1758
1939 5565
1940 2965
1941 432
1943 2470
1943 2322
1943 931
1943 2479
1944 5577
1944 2224
1944 2919
1944 2976
1944 2479
1948 137
1949 2151
1949 2479
1950 1114
1951 2116
1954 2471
1954 6042
1954 2153
1956 2479
1957 1138
1958 2965
1958 404
1958 817
1959 2965
1960 11
1963 2191
1964 1009
1967 2266
1967 2209
1967 2010
1967 4935
1967 610
1969 1647
1970 1646
1970 2630
1970 1948
1971 2233
1972 5664
1972 2238
1974 940
1974 2322
1974 2470
1974 2322
1975 172
1975 2107
1975 2151
1976 77
1976 1069
1976 6003
1978 1868
1978 5879
1978 610
1981 432
1981 2479
1982 2479
1983 100
1983 4369
1983 2070
1983 2965
1983 2672
1983 696
1984 1767
1984 6058
1984 2479
1986 2429
1986 153
1986 4602
1987 520
1987 2965
1987 2057
1988 2057
1989 2010
1990 4802
1990 4776
1990 404
1990 4776
1990 2453
1991 1911
1992 1025
1992 1009
1993 31
1993 2153
1995 2919
1995 2976
1995 2032
1995 4602
1995 2541
1995 2322
1998 2026
1998 5041
1999 2196
1999 161
2000 48
2001 80
2001 216
2001 4369
2001 5346
2001 2965
2004 3072
2005 1758
2009 324
2010 6058
2010 1929
2014 3119
2017 404
2017 520
2021 2006
2021 244
2022 5342
2022 2479
2025 2479
2026 492
2026 5330
2026 2707
2028 1496
2028 2471
2030 2003
2030 3636
2031 2792
2032 2032
2032 2266
2032 2470
2032 1375
2033 893
2033 1337
2034 3432
2036 2062
2037 3858
2037 3858
2041 5577
2041 2032
2046 1009
2047 2956
2048 770
2049 153
2050 2230
2050 2965
2052 1901
2053 327
2053 77
2053 1983
2053 5346
2054 1425
2054 5577
2054 2919
2055 140
2056 153
2058 770
2060 90
2060 3526
2061 2707
2062 837
2062 4106
2062 2257
2065 3196
2066 127
2066 2880
2068 46
2070 5318
2070 2768
2070 2836
2071 216
2071 2919
2071 2976
2071 2032
2071 1375
2072 2166
2072 1938
2072 5457
2072 160
2072 4369
2072 777
2072 770
2074 5577
2074 2976
2076 2064
2076 1929
2076 1929
2076 2479
2078 4784
2078 2919
2078 931
2078 2077
2078 2479
2080 1942
2081 231
2082 2880
2083 31
2083 2153
2083 2044
2084 2456
2086 770
2088 4369
2088 1030
2088 2672
2088 1026
2089 931
2089 610
2091 2006
2092 218
2092 169
2092 986
2096 71
2096 6042
2096 2153
2096 2090
2096 1031
2097 46
2097 2983
2098 2062
2098 2090
2098 610
2098 2479
2099 2479
2100 931
2100 2062
2100 610
2101 1030
2102 940
2103 695
2103 759
2103 2151
2103 1981
2103 2479
2104 1758
2105 4369
2105 2672
2106 1073
2106 1029
2106 1141
2107 5342
2107 2036
2107 1981
2107 1050
2109 6186
2110 90
2111 2116
2111 2153
2115 1025
2116 3432
2116 3432
2116 2471
2116 2153
2118 2032
2118 2541
2118 2470
2118 2010
2118 6058
2118 2064
2119 3072
2121 2605
2121 2151
2122 5679
2122 4
2122 2471
2129 3394
2129 770
2130 1901
2131 1114
2132 2030
2135 1145
2135 2077
2136 183
2137 127
2137 1026
2138 2470
2138 2143
2138 931
2138 4935
2138 2257
2138 2479
2139 2919
2140 3256
2141 2209
2143 4935
2143 2479
2144 3394
2146 1877
2149 2257
2149 2479
2151 1981
2151 2010
2151 6058
2151 1093
2153 1113
2153 5971
2156 1070
2157 1069
2157 6003
2157 2163
2158 2065
2159 115
2159 2062
2160 2672
2160 770
2161 1938
2162 114
2163 2032
2163 2266
2163 2151
2163 6058
2163 610
2163 1929
2164 1069
2164 6003
2165 2260
2165 2151
2165 3427
2165 6058
2166 160
2166 1911
2166 2151
2168 1458
2168 2634
2168 3289
2168 3484
2169 1030
2170 172
2170 2107
2170 2471
2171 1337
2171 4602
2172 2035
2175 1961
2175 6136
2176 1961
2177 1155
2178 621
2179 132
2180 2707
2182 2188
2183 2983
2185 83
2186 2006
2188 2479
2189 2919
2189 1375
2189 931
2189 610
2189 2479
2191 2479
2192 2006
2194 31
2194 2062
2194 2191
2195 3268
2195 1918
2196 1169
2197 2410
2197 1026
2198 5574
2198 2479
2199 90
2199 3526
2204 4
2205 2965
2205 2672
2205 770
2212 1948
2213 2035
2216 148
2218 1093
2220 1341
2221 2285
2221 1111
2224 2010
2225 2064
2226 1009
2229 115
2229 5905
2230 71
2230 3183
2230 2153
2231 2571
2233 2146
2233 2479
2234 2090
2234 1929
2235 1114
2236 2015
2237 1938
2237 1758
2238 3432
2238 3432
2240 5926
2241 770
2242 10
2242 2919
2242 931
2242 2479
2244 3249
2244 3026
2245 441
2245 406
2245 403
2248 2672
2248 770
2250 127
2250 1026
2250 770
2251 5407
2253 14
2256 3636
2256 3226
2256 3245
2258 2057
2260 2260
2260 2470
2260 610
2260 2479
2261 1981
2261 432
2261 2479
2262 91
2262 752
2262 2822
2263 48
2264 96
2264 1059
2264 2090
2264 1031
2265 3432
2265 3432
2265 4099
2266 2470
2266 815
2266 2010
2266 6058
2266 610
2267 5908
2268 2152
2270 1425
2270 5577
2270 1938
2270 14
2270 2919
2270 2976
2270 1758
2270 2146
2272 473
2272 5108
2272 476
2272 637
2275 316
2276 2345
2276 4784
2276 2321
2278 2775
2279 368
2279 3888
2279 2795
2280 15
2281 278
2283 4912
2283 4912
2283 404
2283 2707
2284 4117
2284 4538
2284 4325
2285 820
2287 2334
2288 767
2288 2969
2288 4898
2288 4776
2288 2453
2289 2368
2291 2706
2292 4648
2293 555
2293 4609
2294 2275
2295 2644
2295 4549
2295 2943
2295 2943
2295 444
2296 2479
2297 227
2298 2769
2299 764
2299 413
2300 3982
2300 642
2301 4908
2301 4605
2302 2541
2302 5318
2303 4878
2303 3963
2304 663
2305 2824
2306 83
2308 772
2308 5326
2309 91
2309 457
2309 368
2309 3871
2310 128
2310 1328
2310 2516
2310 5006
2312 708
2314 2837
2314 2715
2315 2451
2315 2811
2316 3838
2317 425
2317 894
2317 825
2317 476
2318 2466
2318 2370
2319 2856
2321 2639
2321 659
2321 2768
2321 381
2321 4344
2321 527
2321 4553
2322 815
2322 2322
2322 2456
2322 931
2322 4935
2323 2818
2323 2807
2324 258
2324 2715
2326 587
2327 2783
2327 754
2327 4065
2328 40
2328 1030
2328 2965
2330 4960
2330 2822
2330 4079
2332 4312
2332 4850
2332 2370
2332 2650
2332 790
2332 649
2334 473
2334 1377
2334 4699
2334 476
2334 637
2335 2789
2335 626
2335 4553
2336 473
2336 2952
2336 2600
2337 3963
2337 4853
2337 14
2337 1758
2337 4222
2337 649
2338 2713
2339 329
2339 4085
2340 4962
2340 2406
2341 6
2341 5017
2341 2822
2342 5507
2343 4739
2343 752
2343 2753
2344 382
2344 2931
2345 2321
2345 4344
2345 2818
2347 705
2347 3858
2347 4309
2347 1368
2347 863
2347 3858
2347 4126
2349 663
2349 613
2350 298
2350 2552
2351 3974
2351 2541
2351 710
2352 464
2352 2474
2352 4569
2352 3858
2352 3858
2352 520
2352 520
2353 126
2353 4395
2353 443
2353 2487
2354 3040
2355 854
2355 254
2355 2541
2356 633
2357 691
2359 72
2361 157
2361 2972
2361 3883
2361 404
2361 2410
2362 707
2362 4309
2363 931
2363 3297
2364 4837
2364 2536
2364 2536
2365 413
2366 894
2366 2336
2366 2952
2366 4790
2366 476
2366 637
2367 3858
2367 4309
2367 3858
2367 4126
2368 2807
2368 308
2368 370
2369 695
2370 649
2371 2312
2372 2321
2372 2768
2373 3969
2373 3969
2374 4429
2376 659
2378 2838
2379 2795
2383 2837
2383 2837
2383 4953
2383 642
2383 2502
2384 382
2384 379
2385 766
2385 2403
2387 1992
2387 3938
2387 4027
2388 413
2389 4828
2391 4025
2391 2943
2391 2943
2391 253
2391 837
2391 4953
2391 4953
2391 2692
2392 290
2392 2369
2392 1246
2393 390
2393 3883
2394 3982
2394 4524
2395 2482
2395 810
2397 2307
2399 396
2399 2284
2399 2692
2399 3867
2401 5070
2401 2771
2402 4539
2405 2221
2405 2028
2407 2407
2407 2424
2408 528
2408 381
2408 4344
2408 2425
2409 708
2410 258
2410 2837
2411 418
2411 4495
2411 594
2411 2584
2411 2307
2413 2792
2414 2462
2416 2963
2417 940
2417 4369
2417 2976
2417 2032
2418 603
2418 404
2418 2410
2419 778
2419 2732
2421 4850
2421 1368
2422 2300
2422 404
2422 2410
2422 3982
2423 4600
2423 4850
2423 338
2424 418
2425 938
2425 2824
2426 2818
2426 2828
2426 663
2426 3906
2427 881
2427 403
2427 2897
2427 2969
2427 4079
2427 4376
2429 435
2429 4602
2429 5342
2429 2479
2430 2914
2431 157
2431 2847
2431 2366
2431 3982
2431 2837
2432 472
2434 4515
2434 3982
2434 2837
2434 2707
2435 862
2435 3858
2435 3858
2437 4962
2437 418
2439 444
2439 4574
2440 2406
2441 708
2442 1522
2442 339
2442 2710
2443 457
2443 457
2445 418
2445 4495
2445 594
2445 2878
2445 2626
2445 2407
2446 2692
2446 4790
2447 2781
2448 6
2448 368
2448 3879
2449 379
2450 339
2450 2421
2450 1368
2451 945
2451 4995
2452 752
2452 2753
2452 2822
2452 2584
2453 4539
2454 266
2454 5056
2456 610
2456 4634
2456 770
2456 2257
2456 2479
2457 2584
2457 2307
2457 2307
2458 4850
2458 1261
2458 3888
2460 940
2460 2541
2460 2322
2460 2470
2460 710
2460 2322
2460 2836
2461 1283
2461 2345
2461 469
2461 2321
2462 5
2462 3884
2463 476
2463 637
2464 13
2464 468
2464 609
2465 4538
2468 404
2469 4784
2469 5017
2469 4960
2470 2456
2470 931
2470 4935
2471 3
2471 531
2471 3171
2472 520
2472 520
2472 2707
2473 4407
2475 564
2476 2
2476 2449
2477 825
2477 4699
2477 476
2477 637
2477 701
2481 730
2481 313
2482 810
2484 4345
2484 1337
2484 3883
2484 4071
2485 1509
2485 2604
2486 2369
2487 2502
2487 4503
2487 2856
2487 2487
2488 422
2491 2812
2493 708
2493 4524
2494 2753
2494 2969
2494 5318
2495 457
2495 2897
2498 848
2500 2818
2500 4936
2500 5108
2500 917
2500 2824
2501 15
2501 2972
2502 622
2502 2406
2503 897
2504 327
2504 3963
2505 4093
2506 14
2506 1758
2508 2824
2509 2672
2509 2602
2513 278
2516 5006
2516 467
2517 2032
2517 3863
2517 5004
2517 3864
2518 4471
2518 2580
2518 4471
2518 2837
2520 2482
2520 2918
2522 755
2523 374
2523 744
2524 4687
2524 4376
2524 558
2525 4301
2525 642
2525 308
2526 1352
2526 663
2527 2672
2527 4776
2527 2453
2529 4327
2529 3924
2530 467
2533 2725
2539 1364
2539 4531
2539 594
2540 374
2540 5924
2540 2416
2541 710
2541 659
2541 2836
2542 469
2542 286
2542 4627
2543 62
2544 2708
2545 2645
2545 2312
2546 480
2546 4784
2546 469
2546 752
2546 2969
2547 108
2547 2769
2547 2633
2548 760
2548 4538
2549 2462
2550 114
2550 2650
2553 2753
2553 2969
2553 2775
2553 908
2556 2561
2556 3858
2556 4309
2556 254
2556 3858
2557 381
2558 404
2559 566
2561 3858
2561 705
2561 3858
2561 4126
2561 4126
2564 5006
2565 123
2565 2897
2565 5237
2565 5237
2566 22
2566 2708
2567 796
2567 3864
2567 459
2567 3864
2568 307
2569 4609
2570 876
2570 820
2571 3971
2572 62
2573 278
2574 404
2574 2410
2574 3977
2574 2943
2574 2943
2574 2837
2577 368
2577 3879
2578 2410
2580 283
2580 2580
2580 4471
2580 4430
2580 2775
2581 806
2581 2601
2583 3962
2584 705
2587 2482
2588 2561
2588 3858
2588 3858
2588 4309
2588 4018
2588 3858
2589 520
2589 520
2591 796
2593 3864
2593 2406
2593 3864
2595 2479
2599 2629
2600 2931
2601 537
2603 863
2603 3858
2603 520
2603 4126
2603 520
2604 398
2604 2561
2604 3858
2604 520
2604 520
2606 2493
2607 6115
2608 2941
2608 592
2608 2487
2608 370
2608 2787
2610 4464
2610 282
2610 2368
2610 4908
2610 4605
2611 469
2611 5017
2611 4409
2611 381
2612 1341
2612 531
2612 3409
2614 1821
2616 3974
2617 52
2617 3977
2617 2837
2618 2287
2618 745
2618 2336
2618 2334
2618 2952
2619 361
2619 4099
2619 253
2620 659
2620 2836
2621 3935
2621 2584
2622 2732
2622 539
2623 83
2625 489
2626 2407
2626 2424
2627 4386
2628 3864
2628 2406
2628 3864
2629 2629
2630 1937
2631 549
2631 2513
2631 278
2631 571
2632 2369
2632 695
2634 1029
2636 1283
2638 938
2639 670
2639 1276
2639 527
2640 623
2642 2802
2642 2969
2643 305
2644 2943
2644 2943
2644 2644
2644 444
2646 2710
2646 4850
2646 391
2646 1261
2647 663
2647 2942
2648 3040
2649 2395
2649 2482
2649 2887
2650 790
2650 2748
2650 3972
2652 2878
2653 2818
2654 2584
2655 360
2656 4309
2656 2897
2656 3858
2656 3977
2657 3978
2657 4042
2658 303
2658 2466
2659 367
2659 558
2659 558
2662 292
2662 4908
2662 4605
2662 1402
2663 642
2663 2502
2663 2856
2663 4524
2664 4605
2665 397
2666 571
2666 1323
2669 2452
2669 2753
2669 5318
2670 908
2670 2787
2671 2763
2671 589
2672 931
2672 770
2673 313
2674 2541
2674 4553
2675 4983
2677 2006
2677 3926
2680 2283
2684 4715
2684 472
2684 2880
2688 1216
2689 791
2689 2819
2689 2639
2690 606
2692 4790
2692 3867
2693 1992
2693 324
2694 2406
2695 93
2696 812
2697 929
2697 915
2697 2640
2698 4912
2698 1728
2698 4912
2700 764
2700 413
2702 806
2702 4813
2702 4539
2703 2385
2703 2368
2703 4890
2703 2368
2703 396
2704 422
2705 786
2705 1344
2705 2837
2706 335
2706 464
2706 818
2706 2474
2706 1365
2707 2479
2707 2715
2707 4790
2708 2065
2708 3848
2709 2868
2709 2707
2710 4309
2710 391
2710 4850
2711 2368
2712 1436
2712 2947
2713 792
2713 339
2714 457
2714 2321
2715 4660
2716 134
2716 3858
2716 3858
2719 2416
2719 2483
2719 384
2719 2963
2721 1513
2721 4569
2721 3087
2721 520
2722 44
2723 1314
2725 796
2728 2771
2730 759
2731 2300
2731 2775
2731 262
2732 4061
2733 2919
2734 610
2734 770
2736 874
2738 778
2738 2878
2738 695
2738 796
2739 21
2740 738
2740 2395
2742 660
2742 2824
2746 758
2747 2406
2748 649
2751 4395
2751 333
2751 333
2753 2822
2753 5318
2753 2836
2754 689
2755 555
2755 2856
2756 367
2756 457
2756 4687
2757 2832
2758 2775
2758 2822
2758 594
2758 2307
2758 2307
2761 367
2762 4040
2763 5089
2763 4850
2763 589
2763 4850
2764 550
2765 514
2765 807
2767 321
2767 2806
2768 2943
2768 908
2768 4953
2768 642
2769 339
2770 7
2770 4499
2770 705
2770 2787
2771 2818
2771 663
2771 2323
2773 4532
2773 467
2773 405
2773 2918
2773 1215
2773 825
2776 695
2777 649
2778 3432
2778 2753
2778 2822
2780 396
2780 4539
2780 522
2781 108
2783 2783
2783 4065
2784 628
2785 820
2785 2548
2787 823
2788 8
2788 2005
2789 930
2789 2487
2789 370
2789 4503
2789 558
2790 3916
2790 3966
2792 2792
2792 2607
2792 348
2792 689
2792 798
2793 510
2794 2381
2795 2307
2797 2969
2797 4607
2797 2621
2797 908
2797 4057
2797 2856
2798 381
2798 2584
2801 361
2801 4055
2801 2369
2802 928
2802 4495
2803 708
2804 4047
2805 502
2805 3971
2805 278
2806 469
2806 2969
2806 4409
2806 381
2807 308
2807 663
2809 289
2811 4093
2812 905
2812 3858
2812 4309
2812 3858
2812 2541
2812 3977
2814 4611
2814 2570
2814 339
2814 820
2815 243
2816 1299
2816 540
2816 3959
2816 5038
2816 391
2817 580
2817 5180
2818 850
2818 663
2820 587
2822 752
2822 2753
2822 2775
2822 2822
2822 5318
2823 2300
2823 404
2823 2837
2826 2880
2827 5122
2827 908
2829 4553
2830 2152
2830 413
2830 457
2831 2024
2831 4605
2833 503
2833 4880
2834 2972
2834 727
2834 292
2834 633
2835 2837
2835 4071
2836 4953
2837 2692
2838 909
2838 2626
2838 2407
2838 2424
2839 935
2839 2334
2839 1377
2839 476
2840 2965
2840 404
2840 2057
2840 817
2840 770
2842 528
2842 908
2843 5006
2843 2906
2843 643
2844 3821
2845 2034
2845 4898
2845 2453
2846 2919
2846 2266
2847 458
2847 2837
2848 2662
2848 361
2848 253
2849 145
2849 341
2850 684
2850 3858
2850 3858
2851 433
2851 1352
2851 2818
2851 2828
2851 2807
2851 1352
2851 663
2852 4609
2853 2672
2853 2057
2853 817
2854 2629
2854 2629
2855 2706
2856 100
2857 68
2857 175
2857 2233
2857 1758
2858 472
2860 2479
2861 2065
2863 221
2863 2151
2864 3159
2864 5358
2864 3858
2864 5232
2865 2865
2865 5105
2865 282
2866 2672
2866 770
2867 2312
2868 896
2868 2597
2869 921
2869 2078
2871 371
2871 2787
2871 558
2872 251
2873 2032
2873 2406
2874 457
2875 833
2876 635
2876 2366
2878 2407
2878 2424
2881 147
2882 2795
2883 4312
2883 4850
2884 474
2885 2550
2885 589
2886 2931
2888 158
2889 91
2889 457
2891 549
2891 368
2891 529
2891 278
2891 3888
2894 2928
2895 2064
2896 5422
2896 2482
2896 2918
2896 825
2896 810
2897 5017
2897 4079
2897 381
2898 4524
2899 761
2899 1276
2899 2487
2899 2369
2900 915
2900 2886
2900 2931
2900 4995
2901 2597
2902 879
2903 300
2903 459
2905 881
2906 825
2907 3953
2908 1261
2908 790
2909 469
2909 710
2909 2637
2909 381
2910 965
2911 538
2911 643
2911 2600
2912 426
2912 679
2913 65
2913 2919
2913 1375
2914 2824
2915 1344
2915 705
2918 825
2918 810
2919 4602
2919 2470
2919 815
2919 2456
2921 382
2921 4963
2922 2802
2922 1261
2922 2897
2922 2969
2926 2837
2926 770
2926 2479
2927 2837
2927 766
2927 2487
2927 1357
2929 626
2930 1261
2930 790
2930 695
2930 2307
2932 720
2932 539
2932 720
2933 2620
2933 1313
2933 659
2933 2836
2934 4395
2937 4848
2937 4642
2940 2662
2940 2301
2941 57
2945 376
2946 2732
2946 925
2947 145
2947 2882
2947 2795
2948 925
2948 2681
2948 3858
2948 3858
2949 2064
2949 720
2950 87
2950 4880
2950 760
2951 733
2951 2906
2952 473
2952 2336
2952 2839
2952 476
2955 798
2956 53
2958 298
2960 289
2960 4524
2962 4860
2962 2597
2964 3879
2964 594
2964 2307
2965 149
2965 2456
2965 931
2967 2944
2968 598
2969 4057
2969 2307
2971 663
2971 2323
2972 4898
2972 2837
2973 751
2973 5924
2973 5123
2974 936
2976 940
2976 2257
2977 2470
2977 2322
2978 10
2978 2568
2979 2410
2979 2837
2983 3256
2983 3319
2985 3160
2986 1106
2987 986
2987 3111
2988 1362
2988 3055
2989 3072
2991 3226
2993 15
2993 2879
2997 1083
2999 3159
2999 3250
2999 3858
2999 3858
2999 3160
3001 3242
3004 3072
3004 1080
3005 1368
3006 3297
3006 3106
3006 766
3006 3205
3006 3304
3006 2403
3008 2984
3008 2984
3009 1194
3011 48
3012 3034
3012 2984
3013 3040
3013 3298
3016 5372
3016 3183
3017 3106
3019 1446
3020 1677
3021 1448
3021 3277
3023 1031
3027 3063
3028 1412
3033 2984
3033 2984
3033 2984
3034 3170
3036 3226
3036 3003
3037 3147
3037 3143
3038 3049
3040 1270
3040 3298
3040 3106
3040 2403
3041 3183
3043 1270
3045 1886
3045 3248
3049 3297
3050 1164
3055 3269
3056 3206
3058 5833
3059 3042
3060 2453
3060 5733
3063 3042
3063 2984
3064 1341
3066 1374
3066 5430
3067 82
3067 3087
3067 3119
3069 1006
3071 3583
3072 1080
3072 1164
3074 2479
3075 3316
3076 3448
3079 3145
3082 4693
3082 3858
3087 1078
3088 3003
3090 1559
3091 1301
3093 5295
3093 3183
3094 1080
3094 3183
3095 3172
3096 3298
3097 983
3097 3111
3097 3297
3097 3298
3097 2983
3098 3199
3098 3297
3098 3298
3102 1696
3104 3012
3104 2984
3105 1052
3105 3106
3105 766
3105 3205
3106 402
3109 3063
3109 3229
3113 3307
3114 5369
3114 2230
3114 1038
3114 3183
3114 6042
3114 2153
3115 3001
3115 3042
3115 3128
3117 5295
3117 3297
3118 1411
3118 1559
3119 3249
3120 5496
3120 1401
3121 65
3122 1447
3122 820
3123 1411
3124 3192
3127 3026
3127 3077
3136 3170
3136 3170
3137 3172
3138 3297
3141 55
3142 1270
3143 5295
3145 1036
3146 1051
3147 3143
3147 5295
3149 3092
3149 3003
3150 996
3151 1448
3154 1362
3156 4605
3156 2479
3157 54
3158 1164
3158 3298
3158 3307
3159 3250
3159 3160
3159 3307
3160 3235
3160 3297
3164 3241
3167 90
3168 6055
3173 3003
3174 3164
3175 3003
3176 3294
3176 3147
3176 5348
3177 1965
3177 2941
3179 2992
3180 3487
3180 3487
3180 54
3181 3003
3183 3111
3184 3297
3184 1007
3184 2983
3186 268
3187 3001
3188 3143
3189 1773
3189 3256
3192 1248
3194 3072
3196 153
3198 3311
3200 1489
3207 3049
3208 3133
3208 5348
3210 1529
3212 3297
3213 153
3215 3226
3216 1168
3218 970
3220 3249
3220 2471
3222 3070
3223 2984
3223 2984
3223 2984
3223 289
3225 3040
3225 3106
3226 3092
3226 3003
3227 1270
3228 3256
3229 2984
3229 2984
3233 1297
3233 5295
3237 1062
3243 1160
3244 105
3244 2990
3248 2984
3248 2984
3248 2984
3249 3124
3250 3254
3250 3160
3250 3003
3250 3297
3254 1462
3254 3160
3254 3003
3254 3297
3256 3070
3259 3248
3261 2471
3262 289
3264 1346
3269 1155
3270 5232
3270 3243
3276 3298
3278 3248
3280 766
3280 3205
3280 3304
3280 5496
3280 2403
3284 3268
3285 2992
3287 3040
3287 3106
3288 3256
3289 32
3292 3003
3294 3128
3296 3072
3297 2984
3297 2984
3298 1341
3299 4665
3299 3307
3300 1372
3300 5383
3300 1624
3300 3106
3301 1175
3303 1076
3303 5295
3304 396
3306 1006
3309 3294
3310 3235
3310 4665
3313 3298
3314 876
3315 4788
3315 4788
3317 3037
3317 3042
3317 3034
3318 3249
3323 2984
3323 2984
3324 3307
3327 1267
3329 3042
3333 3774
3334 3750
3334 3815
3336 1759
3339 2792
3340 5896
3341 1918
3346 83
3346 5705
3352 1645
3352 3757
3352 3757
3356 1803
3357 5907
3360 1741
3361 147
3362 1621
3362 974
3363 1720
3364 6218
3367 3481
3370 1653
3372 1683
3372 3637
3373 1854
3373 6036
3377 1888
3378 1665
3383 1938
3384 3385
3389 5793
3389 5903
3391 1536
3391 5721
3392 5886
3392 5735
3400 1558
3400 5958
3407 1913
3414 2026
3419 1831
3419 1033
3420 5865
3420 3449
3422 5750
3422 5750
3429 6205
3431 6217
3431 5959
3431 3797
3434 1134
3440 1665
3442 1913
3443 3926
3443 5917
3443 4040
3443 3763
3443 4040
3448 3682
3449 3449
3452 6169
3456 1837
3457 1093
3457 1025
3460 1638
3460 5919
3461 1678
3467 3468
3468 1817
3468 5867
3471 6080
3476 3340
3477 1029
3477 1021
3477 2983
3479 5958
3480 147
3481 1600
3487 762
3492 1401
3493 5686
3502 3449
3505 1683
3510 6205
3511 1918
3511 3763
3512 1829
3514 3702
3515 5704
3515 3690
3516 6094
3522 374
3526 1911
3531 3364
3531 6205
3531 6074
3533 3770
3536 1616
3537 3537
3538 1720
3538 5744
3539 5884
3540 6168
3541 3787
3542 1726
3545 1115
3545 3449
3547 5808
3549 6115
3551 6074
3554 2022
3557 6074
3557 1028
3561 1077
3561 6026
3561 5879
3561 6136
3561 2983
3572 3653
3573 1674
3574 6136
3577 1913
3578 6030
3578 6030
3580 5735
3582 1065
3583 99
3587 5670
3591 1929
3593 5757
3593 3699
3593 3671
3594 5809
3594 3510
3596 1717
3598 3811
3598 6151
3609 3432
3610 931
3612 1905
3617 3366
3617 5919
3618 3449
3620 3693
3621 3449
3624 1741
3626 3579
3632 1613
3636 13
3640 1886
3640 3248
3643 3256
3644 3780
3644 3780
3646 1817
3646 5867
3646 1135
3651 1758
3654 1988
3655 3580
3655 5886
3655 5735
3657 3713
3658 3679
3660 5860
3660 6030
3660 6030
3665 1559
3666 3757
3666 3757
3671 1772
3671 6188
3673 5673
3677 3778
3679 1911
3680 1992
3680 1093
3684 1341
3685 5781
3688 6169
3688 5784
3690 3823
3690 3515
3690 6112
3690 6068
3694 1619
3696 5867
3696 3669
3697 3697
3699 5781
3701 1913
3703 1772
3703 5781
3704 1807
3706 3590
3706 3765
3707 102
3707 1080
3708 5888
3709 3495
3712 6090
3713 1821
3714 3690
3716 1773
3716 3256
3721 1718
3725 3763
3726 3767
3727 1021
3728 1638
3728 5690
3731 1772
3731 3685
3731 5781
3735 1977
3736 1817
3736 5867
3738 1764
3738 6115
3739 6115
3743 5733
3745 3782
3745 5682
3745 3350
3748 3593
3749 1577
3749 5852
3753 1065
3754 1712
3754 3432
3754 3432
3755 2154
3758 3612
3758 5714
3758 6081
3758 5934
3760 3778
3761 511
3761 5903
3764 1917
3765 3513
3771 1842
3771 5704
3771 3690
3776 1633
3777 1884
3780 3449
3781 1764
3783 1827
3784 1806
3785 3653
3786 1913
3787 3664
3788 3653
3789 1341
3789 2984
3792 1612
3793 1565
3795 5958
3795 1065
3796 1718
3797 1710
3800 3531
3802 3607
3804 1616
3805 3449
3808 87
3809 3690
3814 1974
3815 3519
3820 1065
3823 5863
3823 6068
3823 3690
3823 6068
3823 5781
3828 1150
3828 3813
3828 5990
3829 1786
3830 2368
3832 3956
3832 5089
3832 3672
3832 589
3832 3956
3832 4027
3832 324
3833 3936
3833 649
3833 3942
3833 4038
3834 316
3835 1988
3835 3969
3835 3969
3836 1984
3836 4071
3836 2502
3836 2878
3836 2626
3836 2424
3838 3942
3839 4060
3839 4040
3841 3971
3841 278
3842 854
3843 1931
3844 100
3845 720
3845 720
3845 2811
3847 1992
3847 4079
3848 790
3849 397
3849 4040
3849 4040
3850 1951
3850 4022
3850 3940
3850 3870
3851 2677
3851 3914
3851 3996
3851 4049
3852 5887
3853 469
3853 1313
3853 381
3854 2406
3855 1946
3857 558
3858 181
3858 4126
3858 4126
3859 3971
3860 3249
3861 397
3861 4092
3861 4060
3862 100
3865 649
3865 2882
3866 3971
3867 98
3868 2020
3868 2478
3868 4131
3868 2757
3868 2695
3869 4515
3869 3982
3869 2837
3869 2707
3870 3988
3870 4078
3870 278
3870 3757
3870 3757
3873 540
3873 5038
3873 391
3873 3976
3873 3976
3875 3757
3875 4078
3876 791
3876 3991
3877 1988
3878 3916
3879 381
3880 695
3880 3981
3880 3124
3880 4934
3881 2715
3882 1951
3882 4022
3882 4022
3882 3971
3883 409
3883 4047
3886 4038
3886 3972
3886 3936
3886 649
3886 3942
3887 1369
3888 368
3888 752
3888 3879
3888 2753
3888 2775
3888 2795
3889 800
3890 2753
3890 2070
3890 2768
3891 1561
3891 3976
3891 3954
3892 4022
3892 4022
3894 4513
3894 4926
3896 3926
3897 2600
3898 663
3898 374
3900 4075
3900 4040
3900 4060
3901 4369
3901 5105
3902 1638
3904 3904
3904 3891
3905 89
3906 911
3906 2824
3908 589
3908 589
3908 4853
3908 649
3910 1267
3910 2941
3911 3926
3911 4060
3914 2677
3914 3996
3915 2065
3915 457
3919 5015
3920 3982
3922 397
3922 370
3922 4605
3923 376
3926 3932
3926 4040
3927 589
3928 649
3929 216
3929 2919
3929 1375
3932 2057
3932 4075
3932 3950
3932 4060
3933 4605
3934 532
3937 4831
3938 3976
3938 3346
3938 3942
3940 3870
3940 4078
3940 4078
3941 295
3942 72
3942 3942
3942 4605
3942 360
3943 589
3943 2650
3944 4119
3944 4119
3944 4119
3945 1638
3945 5690
3946 2527
3946 2969
3948 3839
3948 3895
3949 520
3949 2838
3949 2626
3950 4060
3950 4508
3950 2406
3953 1960
3953 3872
3954 1937
3954 3991
3955 705
3955 3858
3955 4309
3955 3858
3956 114
3956 4027
3956 324
3957 100
3958 4040
3958 4040
3959 391
3960 571
3960 649
3962 3916
3963 1368
3963 2650
3963 4028
3964 833
3966 4115
3966 3916
3967 24
3968 4513
3968 3972
3968 3936
3970 4605
3973 2882
3973 2795
3974 2065
3974 457
3974 3974
3976 3991
3976 3904
3976 3891
3979 3967
3979 2629
3981 2880
3981 594
3982 3836
3982 4071
3982 2597
3983 4127
3984 823
3984 2583
3985 823
3986 4060
3987 1985
3987 3481
3987 4076
3988 3971
3990 6025
3990 3990
3990 4129
3990 3956
3991 1937
3991 571
3991 4513
3992 4060
3992 2437
3993 100
3995 3884
3995 4131
3996 4790
3997 3997
3997 3460
3999 372
3999 2838
4000 589
4000 3991
4001 89
4001 4060
4001 2538
4002 714
4004 4120
4004 4084
4004 534
4004 3969
4004 3969
4005 4023
4006 1972
4006 3953
4006 1370
4009 3902
4009 3839
4009 4093
4010 4376
4010 2856
4010 558
4010 2878
4010 2626
4012 3883
4013 4890
4014 89
4015 897
4016 89
4016 2538
4017 4092
4017 663
4017 744
4017 4060
4017 4040
4018 4020
4018 2822
4018 594
4019 534
4019 3969
4020 373
4020 2822
4020 594
4021 3890
4021 2753
4021 2300
4021 2070
4021 4966
4022 1951
4022 4022
4022 3971
4023 4051
4023 823
4024 469
4025 2836
4025 4953
4025 4953
4026 4085
4026 3851
4026 2677
4027 4605
4028 3976
4028 3954
4028 3848
4028 3991
4029 4119
4029 3821
4030 684
4030 2538
4031 1865
4033 114
4033 4033
4033 3956
4033 589
4033 3956
4033 324
4034 2021
4034 4027
4037 2057
4038 4038
4039 659
4039 2768
4039 3985
4040 3864
4040 2406
4040 3864
4041 1951
4041 3971
4041 4078
4042 413
4043 2928
4044 3971
4044 3976
4044 3976
4044 397
4046 2257
4046 2479
4047 458
4047 642
4050 550
4050 4538
4051 823
4053 2603
4053 1486
4053 3858
4053 3858
4054 507
4054 320
4054 397
4054 663
4054 4828
4054 5074
4055 397
4055 4092
4055 3926
4056 3940
4056 3870
4056 3988
4057 1980
4057 2584
4057 2955
4058 3848
4059 4020
4059 2753
4059 2822
4059 594
4059 2307
4059 2307
4061 2406
4062 1992
4062 278
4062 5887
4063 2
4064 4038
4064 3942
4066 4898
4066 2453
4066 3982
4066 4071
4067 2487
4067 2519
4068 2965
4068 2768
4069 3884
4070 519
4070 3888
4071 2597
4072 422
4072 374
4072 2803
4072 2645
4073 2416
4073 2483
4073 1339
4075 3950
4075 4060
4075 3863
4076 2032
4076 2406
4076 415
4077 916
4077 4060
4077 4040
4077 3864
4077 3864
4078 4078
4078 4890
4079 4126
4079 253
4079 4553
4079 1228
4079 2871
4080 4071
4080 4790
4082 2650
4082 3848
4082 3991
4083 4071
4083 2502
4084 534
4085 2677
4087 4023
4087 823
4088 4848
4089 5105
4089 4953
4089 444
4091 2406
4091 2360
4093 4023
4094 540
4094 3959
4094 5038
4094 3904
4094 391
4094 3976
4094 3976
4094 3904
4095 2049
4095 3954
4096 3991
4098 3852
4099 4055
4102 376
4104 2054
4105 670
4105 2301
4105 3854
4108 3950
4110 3953
4111 727
4111 2319
4114 4099
4114 4055
4114 397
4116 3953
4118 273
4118 603
4118 404
4120 79
4120 3969
4121 720
4121 2811
4123 4000
4123 4000
4123 589
4124 4739
4125 4078
4125 3757
4125 3757
4125 4078
4126 4126
4127 4040
4127 4040
4129 4078
4133 1289
4133 3839
4133 5919
4134 3923
4134 376
4135 2583
4135 4131
4137 4199
4141 4262
4146 3340
4146 5755
4147 59
4149 1168
4152 4210
4155 130
4158 4174
4163 61
4163 4159
4163 4155
4164 4197
4165 1915
4166 102
4171 4174
4173 4140
4184 102
4186 4230
4190 4272
4190 4210
4193 5755
4194 147
4196 1263
4208 4194
4210 4206
4214 108
4215 137
4220 4153
4221 1981
4222 1753
4223 520
4223 520
4224 102
4225 4161
4228 1995
4229 4263
4230 4200
4236 4245
4244 4161
4244 4179
4245 4267
4248 41
4248 4210
4248 1169
4250 150
4250 4267
4251 65
4251 4262
4256 39
4256 4140
4258 1753
4266 4194
4267 4267
4272 4272
4277 705
4277 330
4277 705
4279 788
4280 278
4280 2771
4280 2818
4280 2807
4282 796
4282 459
4284 447
4284 4589
4284 236
4284 99
4284 4471
4284 3858
4284 3858
4288 2918
4288 810
4289 574
4289 2634
4290 2672
4291 3858
4291 3858
4291 2527
4291 4802
4292 2516
4293 3858
4293 3160
4294 172
4295 339
4295 1938
4296 2707
4297 2541
4297 2070
4297 4966
4297 5318
4297 2836
4297 443
4300 4968
4301 870
4302 2947
4303 457
4303 4739
4303 2947
4303 2882
4303 2795
4304 2787
4304 2838
4305 522
4306 2616
4306 4639
4307 508
4307 457
4309 3858
4309 4309
4309 3858
4309 2819
4309 2639
4310 5017
4310 4079
4310 908
4310 2856
4310 2838
4312 4850
4312 1261
4312 2650
4312 4079
4313 4040
4313 2747
4313 2437
4313 3863
4314 2761
4314 413
4314 367
4315 413
4318 2340
4319 4575
4321 4
4321 1938
4321 14
4321 1758
4321 2146
4322 926
4323 4342
4323 303
4323 651
4323 409
4324 4301
4324 2773
4324 405
4324 825
4325 594
4326 4543
4327 3934
4329 57
4329 4911
4329 4911
4330 710
4330 1337
4330 2344
4330 2600
4330 382
4331 2333
4331 4852
4332 4364
4334 309
4335 690
4336 4078
4337 2878
4338 396
4339 635
4339 404
4339 4370
4339 2715
4340 4047
4340 2663
4341 2366
4341 577
4343 1914
4343 2965
4344 2818
4345 3883
4346 4793
4346 4284
4346 4471
4348 324
4350 2416
4350 2483
4350 384
4350 348
4350 363
4353 2462
4353 737
4354 928
4354 5017
4354 2969
4354 2307
4354 2307
4355 173
4355 175
4355 14
4356 2336
4357 1436
4357 368
4357 3888
4360 2629
4362 510
4362 1283
4362 2806
4362 469
4362 4409
4362 381
4363 5129
4363 848
4363 4911
4364 638
4365 457
4366 1429
4367 5129
4367 2482
4367 5360
4367 848
4367 663
4368 940
4368 710
4369 770
4370 2715
4370 2692
4370 3867
4370 701
4370 2597
4371 217
4371 2919
4371 2479
4372 2672
4372 2057
4372 817
4372 770
4372 4539
4373 574
4374 232
4377 760
4379 2708
4379 4850
4381 4607
4381 370
4381 2856
4382 2959
4385 4060
4386 676
4386 701
4387 335
4388 689
4388 4962
4388 418
4394 413
4396 147
4397 385
4397 283
4398 85
4399 1337
4400 253
4402 737
4402 2519
4403 5276
4403 2732
4404 4344
4404 5180
4406 426
4407 273
4407 1328
4407 2516
4408 382
4408 4524
4409 381
4410 2879
4412 2519
4413 21
4413 4860
4413 2597
4415 23
4416 2906
4417 5108
4418 695
4418 790
4418 2748
4418 3981
4418 4934
4420 5082
4420 4595
4422 1363
4424 2257
4424 2479
4426 1232
4427 4699
4433 696
4434 406
4434 3858
4434 3858
4434 4309
4434 3858
4435 304
4436 520
4437 4589
4437 4471
4437 2580
4437 490
4438 5105
4439 2929
4439 361
4442 917
4444 759
4444 844
4444 2368
4444 2928
4446 3858
4447 420
4448 508
4449 4784
4450 2837
4455 663
4455 422
4456 336
4457 5577
4457 216
4457 2919
4457 931
4457 2257
4457 2479
4458 690
4458 2918
4460 4423
4461 472
4461 3160
4462 4513
4463 2335
4463 2335
4464 998
4464 285
4464 550
4464 720
4466 128
4466 2310
4466 2516
4467 348
4467 926
4468 1263
4469 205
4470 2410
4470 2707
4471 283
4471 4471
4471 1337
4471 3883
4472 5311
4472 404
4473 2941
4474 2429
4477 5135
4477 3888
4478 4908
4478 4605
4479 2856
4480 3858
4480 705
4480 3858
4480 4309
4480 863
4480 4126
4481 292
4481 2466
4483 4790
4484 4911
4484 914
4484 4911
4485 763
4485 413
4485 457
4487 2707
4487 4071
4488 556
4489 336
4489 2792
4489 5107
4489 348
4489 2437
4489 798
4489 418
4490 2695
4491 2256
4491 3858
4492 749
4493 663
4493 2497
4494 258
4495 1269
4495 3935
4498 4739
4498 603
4498 4912
4500 4850
4500 4386
4500 790
4500 2453
4501 4648
4502 3159
4502 3858
4502 3858
4502 2410
4503 909
4503 2626
4503 2407
4503 2407
4503 2424
4504 643
4504 2344
4505 4639
4505 4365
4505 4727
4505 2309
4505 413
4506 136
4506 921
4506 1364
4507 321
4507 760
4507 382
4508 459
4509 812
4509 367
4509 3888
4510 4022
4510 4022
4511 266
4512 2837
4512 2715
4513 4908
4513 2533
4513 4605
4513 360
4514 298
4514 2552
4514 2928
4515 2707
4516 907
4516 2965
4516 2672
4516 1026
4516 2057
4516 817
4516 2795
4516 770
4519 439
4519 317
4519 4538
4520 141
4521 2134
4521 1673
4524 298
4525 695
4525 520
4525 2479
4526 747
4529 851
4529 2321
4529 4304
4530 2707
4530 2479
4531 2068
4531 2133
4532 473
4532 476
4533 335
4533 4574
4535 4609
4536 2725
4538 594
4539 648
4539 2597
4540 511
4540 723
4541 833
4542 2792
4542 348
4542 2437
4542 2628
4542 273
4542 300
4543 2928
4546 659
4548 457
4549 2868
4549 4953
4550 205
4551 3106
4551 766
4552 2773
4552 2482
4552 690
4552 405
4552 2918
4553 737
4553 2856
4554 157
4554 2847
4554 3982
4555 404
4557 4848
4557 4387
4557 4642
4559 1974
4560 5089
4560 782
4560 589
4560 761
4562 1314
4562 541
4563 1202
4563 2369
4564 4589
4565 391
4565 2550
4565 4850
4565 4850
4566 441
4566 406
4568 4553
4569 138
4569 472
4569 2880
4570 4071
4571 108
4573 1404
4574 472
4575 594
4578 3848
4578 2482
4579 2568
4579 4049
4580 2456
4580 610
4581 3979
4582 2107
4583 4420
4586 4734
4587 2466
4588 873
4588 576
4588 4569
4588 2152
4588 472
4588 520
4589 941
4589 4471
4589 4340
4590 2773
4590 2918
4590 1215
4590 825
4590 476
4591 4948
4591 5297
4593 2672
4593 2602
4595 4595
4595 2344
4596 5093
4598 3858
4598 3858
4598 2972
4598 635
4599 534
4600 649
4601 708
4601 4524
4601 2824
4602 610
4604 98
4606 160
4606 2919
4606 2151
4607 4879
4607 908
4607 2856
4608 1729
4609 4831
4610 469
4611 2442
4611 5092
4611 820
4611 3858
4614 141
4614 254
4614 2541
4614 2470
4614 5318
4614 659
4614 2836
4615 5397
4615 4816
4615 2725
4616 574
4619 2473
4619 4407
4619 1328
4619 2516
4620 2385
4620 766
4620 2403
4621 269
4621 2837
4622 2333
4622 790
4625 804
4626 413
4627 5089
4627 4850
4627 589
4628 3849
4630 705
4630 3858
4630 4309
4630 3858
4630 404
4630 2837
4634 2479
4637 1302
4637 3858
4637 3858
4639 2074
4639 5577
4639 2919
4639 2976
4639 759
4639 2965
4639 2151
4640 1938
4640 3963
4640 1758
4641 4660
4642 140
4642 4300
4643 825
4643 2503
4643 2919
4644 403
4645 4602
4646 1347
4646 2800
4647 98
4648 1489
4649 613
4650 940
4650 4602
4651 3899
4652 587
4652 2505
4653 236
4653 2580
4655 2591
4656 3991
4657 2470
4657 1375
4657 1981
4660 595
4661 13
4661 468
4661 609
4662 472
4662 2969
4662 2621
4662 2880
4663 2410
4663 259
4663 259
4663 4126
4664 2789
4664 370
4664 4376
4665 633
4665 3307
4669 609
4669 2527
4669 2972
4671 790
4672 460
4672 4644
4672 4354
4672 3879
4673 40
4675 1429
4676 156
4677 679
4678 513
4678 2705
4678 1344
4679 807
4679 2537
4681 26
4682 4850
4682 1261
4682 2650
4683 5577
4683 2976
4683 4602
4684 20
4684 5092
4684 2421
4684 1499
4684 2710
4684 3858
4684 2370
4684 4853
4684 3858
4684 649
4684 649
4685 305
4685 2672
4685 2209
4685 4109
4686 745
4686 457
4687 4699
4687 2692
4688 792
4689 2541
4689 2470
4689 710
4689 2479
4690 1040
4690 2004
4690 1118
4690 82
4690 1026
4691 2453
4691 4420
4692 1261
4692 790
4692 649
4693 3858
4693 4309
4693 3858
4695 915
4695 4589
4695 313
4695 4340
4696 3883
4696 2300
4697 3858
4697 4126
4697 404
4697 2410
4700 770
4702 4921
4704 187
4704 2436
4704 2294
4705 2672
4705 5176
4705 770
4707 4707
4707 784
4707 2818
4709 4719
4709 4648
4709 2819
4710 779
4710 541
4711 88
4711 413
4711 457
4713 2670
4714 1283
4714 2806
4714 469
4714 381
4715 472
4716 1507
4716 1365
4717 271
4717 2969
4717 2300
4717 2397
4717 2672
4717 2775
4717 2822
4717 5318
4717 931
4718 870
4719 4501
4719 4648
4720 2639
4720 443
4721 542
4721 5514
4722 2707
4724 3996
4725 89
4725 2875
4726 4420
4727 413
4727 457
4727 2753
4727 2969
4727 3888
4729 4714
4730 4319
4730 2436
4730 2294
4732 876
4732 2744
4733 56
4735 689
4735 798
4735 418
4735 2425
4736 808
4736 4538
4736 796
4736 4023
4737 7
4737 705
4737 3858
4737 4309
4737 3858
4738 1255
4739 752
4739 2822
4739 2795
4741 116
4741 2471
4743 1253
4744 5004
4744 418
4746 757
4747 4345
4747 577
4748 1130
4748 2771
4749 514
4749 4957
4750 472
4751 3883
4752 433
4752 4702
4752 2818
4753 5926
4754 3906
4757 351
4757 476
4758 4850
4758 2370
4758 4386
4758 790
4759 3899
4760 2294
4761 4071
4762 705
4762 705
4762 3971
4764 588
4767 130
4768 3115
4769 3858
4769 3977
4770 958
4771 62
4771 4848
4771 4387
4771 335
4772 2542
4772 2321
4772 4079
4773 457
4773 2283
4773 2837
4773 2707
4775 425
4775 705
4775 2670
4776 2707
4779 790
4780 1344
4781 603
4781 2672
4781 770
4782 2944
4782 2462
4783 5135
4783 3858
4783 908
4784 2882
4784 2969
4784 2775
4784 5056
4785 4075
4789 278
4793 615
4793 805
4796 4531
4796 594
4796 744
4800 3879
4801 487
4802 2672
4802 404
4802 4776
4802 2453
4803 158
4804 1026
4804 2880
4808 3934
4808 382
4809 5093
4810 439
4810 317
4812 95
4815 644
4815 2064
4815 1929
4815 2479
4818 2878
4820 4739
4821 2065
4821 2947
4825 652
4827 2745
4827 4735
4827 348
4827 689
4827 798
4828 2006
4828 336
4828 360
4828 5107
4828 348
4829 2581
4829 2928
4830 394
4830 388
4830 597
4834 4718
4836 2955
4836 2323
4837 280
4837 2368
4837 423
4837 5242
4838 661
4838 5284
4840 526
4840 4784
4842 2771
4843 2931
4844 5409
4845 4642
4845 335
4846 3858
4846 3858
4847 275
4848 335
4848 4300
4848 2928
4849 2581
4849 806
4850 790
4850 2748
4850 2453
4851 2707
4852 676
4852 592
4852 701
4854 3977
4855 5146
4856 2802
4856 457
4856 2897
4857 385
4857 370
4857 2787
4857 558
4857 663
4857 2878
4859 649
4862 4423
4865 574
4866 1332
4868 2672
4868 815
4868 2479
4870 550
4871 391
4871 2278
4871 2822
4872 2064
4872 4652
4872 796
4873 2837
4873 2707
4876 403
4876 2882
4876 2795
4877 705
4877 159
4878 3963
4878 2410
4880 87
4880 2626
4880 760
4880 4760
4880 2796
4881 2548
4883 2472
4883 4369
4883 2972
4883 635
4883 404
4883 696
4883 4776
4883 2837
4884 4397
4884 455
4884 296
4884 757
4884 474
4886 279
4886 2570
4887 321
4888 3432
4889 511
4891 699
4891 2909
4892 1529
4893 316
4894 659
4895 313
4895 746
4896 4499
4896 5972
4897 714
4897 457
4898 2453
4898 3982
4898 4071
4899 2550
4900 4051
4900 4023
4900 823
4901 4790
4902 3963
4903 719
4903 148
4904 569
4904 2678
4904 2917
4906 509
4907 5326
4907 413
4908 2732
4910 746
4910 2928
4911 720
4912 4515
4912 3982
4912 2837
4912 2707
4913 4611
4913 2570
4913 876
4913 820
4914 745
4914 457
4915 103
4915 2377
4916 3982
4919 279
4919 2783
4921 3924
4924 2437
4925 791
4926 4890
4928 1559
4929 1276
4929 381
4929 1093
4929 898
4930 671
4930 2878
4933 2806
4933 2631
4934 2307
4934 2307
4935 770
4935 2479
4936 5108
4937 816
4937 2946
4937 740
4937 1370
4938 2761
4940 445
4940 266
4942 2806
4942 469
4942 381
4943 2903
4944 2928
4945 413
4946 433
4946 3871
4947 69
4947 3249
4948 2837
4948 2879
4949 2101
4949 2856
4951 2707
4952 1337
4952 2410
4952 4071
4953 2692
4954 2771
4954 253
4954 5180
4955 4860
4956 469
4956 286
4956 2838
4958 845
4962 594
4963 2369
4963 848
4963 550
4963 649
4964 1440
4964 5577
4964 160
4964 2919
4964 5346
4964 2151
4965 129
4965 1646
4967 1920
4968 385
4968 2462
4968 2519
4969 738
4969 2006
4971 796
4972 437
4973 4607
4975 508
4975 2761
4975 367
4976 1255
4976 4472
4976 520
4976 404
4978 469
4979 3297
4979 396
4980 164
4981 15
4981 3858
4981 3858
4981 3858
4983 4309
4983 3858
4983 4126
4983 3977
4983 4126
4984 4404
4985 877
4986 683
4987 2965
4987 2453
4987 770
4988 4975
4988 5094
4988 2321
4990 2603
4990 705
4990 3858
4990 4309
4990 863
4990 3858
4990 4126
4990 4126
4991 457
4992 5105
4992 4953
4992 642
4992 4370
4994 744
4996 341
4997 2257
4997 1929
4999 2761
4999 541
5000 2188
5001 623
5001 4358
5001 2303
5001 2186
5002 225
5002 236
5002 4471
5002 4471
5004 3864
5005 2006
5005 4640
5005 1938
5007 4553
5008 155
5008 2410
5011 940
5011 2976
5011 2322
5011 2470
5011 2322
5012 4848
5013 4350
5013 4489
5013 336
5013 384
5013 2792
5013 348
5013 689
5016 335
5016 4126
5017 2795
5017 381
5017 4344
5018 361
5018 2818
5019 4429
5019 4958
5022 2603
5024 4532
5024 467
5024 1215
5024 825
5024 476
5024 637
5026 2802
5027 116
5027 4319
5027 4575
5029 4776
5029 2692
5031 760
5032 876
5035 663
5035 2505
5036 469
5036 2321
5037 574
5038 0
5038 4605
5041 566
5043 413
5044 1261
5044 2753
5045 2792
5045 348
5045 2963
5045 3906
5045 4040
5045 689
5045 2437
5046 2499
5049 1070
5050 4309
5050 2689
5050 2639
5050 1213
5050 360
5051 1177
5052 4071
5052 4539
5053 103
5054 3297
5054 3106
5054 766
5060 4360
5060 3245
5061 892
5061 4739
5061 2947
5062 603
5062 520
5063 4319
5064 4784
5064 2775
5066 876
5067 4569
5068 603
5068 4912
5069 552
5070 2771
5070 5180
5071 680
5071 2708
5071 457
5072 389
5074 2824
5078 2370
5078 4853
5078 649
5081 2670
5083 854
5083 2580
5083 705
5083 2834
5083 4883
5083 3858
5083 3858
5084 920
5084 3976
5084 1561
5084 3976
5084 3954
5085 5089
5085 589
5085 4553
5087 1
5089 589
5089 3848
5089 790
5091 4852
5091 2321
5092 429
5092 705
5092 3858
5092 4309
5092 1368
5092 3858
5093 852
5093 2640
5093 3982
5093 4071
5096 820
5096 2541
5097 931
5097 876
5097 820
5097 3858
5097 3858
5097 3160
5098 2044
5098 2479
5100 4605
5101 642
5102 115
5103 368
5104 2541
5105 528
5105 5105
5105 3871
5106 3858
5106 710
5107 689
5107 798
5107 4962
5107 418
5108 340
5108 4429
5109 1368
5111 625
5112 2819
5112 2639
5113 360
5115 2029
5115 5108
5115 2928
5118 5089
5118 589
5118 2333
5119 526
5119 4345
5119 1337
5119 752
5120 102
5121 4921
5123 2406
5126 2681
5127 5451
5127 3171
5127 3288
5131 3310
5132 3143
5134 563
5134 650
5134 4309
5134 3858
5134 3974
5135 258
5137 128
5140 522
5140 3858
5140 4309
5140 4345
5140 3858
5141 3821
5142 3243
5142 5295
5144 1168
5145 129
5145 1646
5148 986
5149 695
5150 343
5150 3858
5150 3858
5150 2847
5153 5400
5155 3171
5157 1130
5157 2771
5158 59
5158 3143
5158 3098
5158 3245
5161 5501
5161 5189
5161 5155
5162 1938
5162 1967
5163 520
5164 806
5167 2059
5167 3858
5167 4850
5167 3858
5167 4850
5168 1272
5168 848
5168 4911
5169 1168
5169 986
5169 3111
5169 3297
5173 33
5174 3883
5177 4665
5177 3307
5178 615
5179 4071
5180 397
5180 663
5181 2629
5183 2091
5183 4
5183 2006
5184 4309
5184 3240
5185 542
5185 4620
5186 2935
5187 135
5187 2221
5189 396
5191 3072
5194 791
5195 2630
5195 2947
5195 2410
5196 2929
5196 361
5197 1171
5197 5295
5198 283
5198 4471
5199 771
5199 148
5200 2166
5200 2151
5201 1470
5201 2003
5202 369
5203 2387
5203 3954
5203 571
5205 3311
5205 3229
5206 113
5206 2813
5207 54
5207 4966
5207 5105
5208 833
5209 550
5212 1474
5213 2326
5214 3192
5215 2410
5215 2837
5217 3188
5217 3147
5217 1529
5217 3143
5220 3245
5221 1448
5224 5295
5225 1074
5226 2062
5226 4106
5226 2479
5227 2707
5228 3977
5230 2152
5230 2631
5230 472
5230 2513
5231 2942
5232 3016
5232 5295
5233 313
5233 2580
5233 5038
5233 391
5233 4420
5234 58
5234 3287
5234 3294
5236 2733
5236 457
5237 1024
5238 2984
5238 2984
5240 5242
5241 2900
5241 5019
5243 2707
5244 684
5244 2878
5244 5123
5245 216
5245 2479
5245 2984
5245 2984
5246 5574
5246 2919
5248 2886
5248 4492
5249 810
5250 2370
5250 3976
5250 4386
5253 3277
5253 1411
5253 3148
5253 3115
5254 1270
5255 5445
5255 610
5255 742
5255 2191
5255 2479
5257 5192
5258 111
5259 2091
5259 2006
5260 986
5260 3171
5262 68
5264 2943
5264 4344
5264 2943
5265 924
5265 5059
5266 4860
5268 1058
5268 710
5268 262
5269 915
5269 2900
5269 2886
5269 4995
5270 766
5271 514
5271 773
5272 1357
5274 5108
5275 5398
5275 2479
5276 2732
5277 4358
5278 2672
5279 5295
5280 4358
5280 4033
5282 634
5283 95
5283 1720
5283 2580
5284 4953
5284 4953
5285 2385
5285 3106
5285 1160
5285 2403
5286 269
5287 1140
5287 2107
5287 2470
5287 5342
5287 2036
5290 955
5291 3143
5291 5430
5291 3049
5292 4
5292 4850
5292 2370
5292 338
5292 649
5293 79
5293 3297
5293 2479
5294 1432
5296 2919
5297 1428
5297 843
5298 317
5298 4049
5299 1025
5299 3789
5300 3883
5302 790
5302 649
5303 55
5304 5567
5305 4660
5305 2597
5307 931
5310 735
5310 2278
5310 907
5310 2672
5310 1681
5310 931
5310 3982
5310 2077
5310 4071
5311 816
5313 3218
5314 806
5316 1496
5317 2919
5317 2470
5318 2822
5318 2836
5318 4495
5321 1486
5322 2191
5322 2479
5325 2725
5325 810
5328 119
5329 98
5330 603
5330 2707
5331 118
5332 367
5333 1122
5333 1443
5338 1529
5339 269
5340 1185
5341 2025
5341 2771
5342 2062
5343 1352
5343 2828
5343 1352
5343 2931
5346 2479
5347 4018
5347 927
5347 4020
5347 2295
5347 4549
5347 2943
5347 2943
5348 108
5348 3298
5348 2479
5349 3183
5351 1140
5351 2470
5351 5342
5351 2143
5351 4935
5352 3121
5355 2410
5355 2837
5356 5377
5358 3250
5358 3160
5358 3307
5359 17
5361 2837
5363 680
5363 2466
5363 4312
5365 1677
5365 3268
5366 2479
5367 940
5367 4935
5368 4784
5368 752
5368 2278
5369 115
5371 2017
5374 1246
5374 1168
5375 1995
5376 1323
5376 3268
5376 1411
5377 791
5378 3297
5379 2965
5379 2672
5379 2057
5379 817
5379 4776
5379 2453
5381 85
5382 5180
5383 1624
5384 5
5384 368
5384 3879
5385 5871
5385 3072
5385 5161
5386 1166
5387 3072
5388 3265
5389 843
5389 1031
5393 2672
5393 770
5394 751
5394 5924
5394 6023
5397 607
5399 2257
5399 2479
5400 728
5401 4471
5401 4471
5402 2707
5405 4515
5405 2707
5406 1718
5408 2732
5410 344
5410 2736
5411 396
5412 1529
5414 4852
5415 1006
5418 730
5418 2039
5419 5305
5419 2818
5420 2014
5421 876
5422 405
5422 810
5425 1270
5425 2984
5425 2984
5426 2832
5427 5297
5430 3128
5432 1187
5433 275
5434 2919
5437 2973
5437 374
5437 751
5437 5924
5437 5123
5438 1472
5439 3128
5440 3036
5440 3226
5440 3092
5441 344
5442 1929
5442 2479
5445 5322
5445 2479
5446 2410
5446 490
5446 2707
5449 3651
5451 1280
5452 2597
5452 4958
5452 3899
5453 1359
5454 2630
5454 2283
5454 5195
5454 4851
5455 4848
5455 4642
5455 335
5456 744
5457 549
5457 2513
5457 571
5460 2990
5461 803
5461 696
5461 5105
5462 3311
5463 3191
5464 5411
5464 396
5465 5232
5465 5295
5466 1247
5466 2550
5466 442
5467 940
5467 3171
5469 4369
5469 5346
5470 1118
5471 899
5471 2813
5472 339
5472 1938
5473 1180
5474 2410
5474 2837
5474 2707
5475 695
5475 759
5475 2479
5476 3297
5477 2836
5477 2836
5479 2479
5480 1339
5481 15
5482 2672
5485 457
5485 2486
5486 1331
5487 2488
5487 422
5487 374
5488 3183
5489 340
5489 678
5490 723
5490 3871
5490 5180
5492 5356
5492 413
5492 2834
5494 335
5495 2536
5495 2536
5495 2652
5495 2652
5496 5496
5496 396
5496 4788
5496 633
5497 1278
5499 659
5499 2836
5499 2943
5499 2943
5499 908
5502 568
5502 3297
5502 3106
5502 766
5502 3205
5502 1160
5504 5071
5504 2309
5504 714
5504 457
5505 4090
5507 2152
5508 877
5508 1404
5511 4
5512 336
5512 384
5512 4735
5514 2327
5515 1634
5515 3037
5515 3143
5517 1992
5518 2993
5519 236
5521 5190
5521 4879
5523 62
5527 4369
5527 770
5528 633
5529 931
5530 112
5530 3815
5534 2672
5534 2057
5535 566
5535 91
5536 965
5538 5574
5539 172
5539 3072
5539 759
5539 2107
5540 0
5540 2919
5540 2151
5541 2032
5541 2470
5542 907
5542 2965
5542 2057
5543 1140
5543 4935
5543 2479
5545 93
5547 413
5547 4739
5548 1026
5549 2192
5549 3245
5550 566
5551 2919
5552 2151
5552 4935
5553 6136
5554 4
5556 2257
5556 2479
5559 126
5559 973
5560 2919
5560 2976
5563 2580
5563 2672
5563 2822
5563 770
5564 5545
5564 2188
5565 2152
5566 143
5569 2166
5570 1431
5571 425
5573 2091
5573 2006
5574 2919
5574 1758
5574 2479
5576 1995
5576 2919
5577 216
5577 2976
5577 2032
5577 1375
5578 88
5578 3072
5579 1425
5579 216
5582 649
5584 1357
5585 2919
5585 2032
5585 1655
5587 234
5587 2479
5589 619
5590 5351
5592 149
5592 2456
5592 931
5595 160
5595 2151
5597 2035
5597 2965
5598 585
5598 2707
5598 2715
5604 1236
5604 4369
5604 696
5605 2188
5608 327
5609 5701
5609 1141
5610 621
5610 2775
5611 120
5612 43
5612 2919
5612 5346
5614 1669
5614 4194
5614 3133
5616 1704
5618 610
5618 2257
5618 2479
5619 146
5619 2188
5620 3196
5621 770
5622 154
5624 2479
5625 5686
5625 3418
5625 3418
5628 1829
5632 3268
5635 1616
5641 1992
5641 1280
5645 5670
5646 1671
5648 3582
5648 3582
5657 6183
5661 5733
5663 1806
5666 39
5666 3340
5667 1913
5670 3620
5672 3780
5674 3582
5674 3582
5674 5958
5674 1065
5677 2769
5679 2238
5679 1073
5679 1141
5679 3432
5679 2471
5683 1827
5683 548
5683 3971
5683 2942
5685 3767
5686 3418
5686 3418
5689 1033
5689 964
5689 5723
5692 3042
5693 91
5696 5733
5698 1164
5698 3171
5698 3288
5700 1859
5701 1141
5704 3690
5706 1921
5710 1175
5710 5706
5713 5713
5714 1905
5721 1536
5722 6204
5723 1817
5723 3557
5723 6074
5723 5867
5726 2238
5726 2471
5727 3450
5728 1961
5728 1164
5732 6074
5739 3797
5742 3653
5742 3653
5744 1720
5744 5886
5745 1846
5745 3724
5746 3780
5746 3683
5747 3513
5751 1997
5756 3442
5756 3563
5757 3699
5759 6061
5759 3614
5764 3682
5764 3682
5769 1671
5773 3449
5774 1741
5780 3335
5784 3823
5784 3714
5784 3809
5784 5863
5784 6068
5784 3690
5784 6068
5786 3668
5786 3449
5789 5733
5791 1633
5792 3653
5792 3653
5793 5903
5793 6091
5800 5724
5800 2626
5801 5916
5803 5899
5804 3690
5805 1913
5806 6036
5806 5731
5807 6068
5810 1656
5810 3438
5810 3669
5811 5735
5814 5735
5815 6218
5815 5733
5816 728
5816 3780
5817 5829
5823 3947
5824 1678
5827 5753
5830 1851
5830 3780
5830 3780
5831 5713
5833 2004
5833 1118
5833 2983
5835 980
5835 5917
5841 3359
5843 2030
5843 5846
5844 5741
5846 2030
5849 3679
5854 1829
5855 3416
5858 1694
5861 1911
5863 3690
5863 3667
5864 150
5866 6058
5866 1929
5866 2479
5869 5919
5874 1884
5877 5781
5879 1961
5880 6169
5881 1575
5884 1690
5886 5735
5886 3557
5887 2639
5887 2368
5888 2942
5889 1741
5889 3770
5889 3646
5889 5896
5894 1668
5894 3780
5895 1916
5895 3731
5897 2983
5898 1865
5898 1139
5898 2983
5899 3242
5900 2057
5901 3811
5901 6151
5902 2043
5905 2479
5908 1168
5909 3364
5913 3823
5913 5863
5913 5704
5914 151
5915 6126
5915 3778
5916 3731
5916 5781
5919 3965
5920 1911
5922 3637
5923 2152
5923 472
5925 3438
5928 74
5928 3646
5930 3582
5930 3582
5931 136
5933 1587
5934 6197
5934 4249
5938 6036
5939 1659
5943 3773
5944 986
5947 1678
5949 1666
5950 5919
5952 6002
5957 5903
5960 3432
5964 4129
5964 4078
5964 4078
5971 3248
5971 3192
5974 6189
5976 3797
5978 3971
5979 3499
5989 3653
5995 1718
5997 3690
5997 5781
5999 1686
6000 1683
6000 5919
6001 1682
6004 6004
6008 3780
6011 1742
6012 3780
6012 3780
6013 3368
6015 3340
6016 5886
6016 6169
6016 3823
6016 5735
6017 1148
6018 1719
6019 5919
6023 6204
6024 3780
6025 2005
6026 151
6026 5897
6026 2983
6028 3449
6035 2051
6037 16
6037 1419
6038 1867
6039 3447
6042 71
6042 5971
6044 422
6044 6034
6049 1913
6053 3669
6054 1616
6057 6217
6057 5959
6058 1929
6059 97
6059 6063
6059 1110
6060 3731
6068 3823
6068 3515
6068 6112
6068 5704
6068 3690
6068 3667
6068 3703
6072 3780
6073 2983
6074 1799
6075 1665
6081 5992
6081 5894
6083 1856
6083 3725
6086 1873
6092 5724
6093 5969
6095 3812
6097 3582
6097 3582
6097 1065
6101 1025
6106 5886
6106 1134
6106 6074
6107 3507
6107 5919
6108 155
6108 2230
6112 6068
6112 3690
6112 6068
6112 5781
6114 5993
6114 1042
6116 60
6120 5917
6123 1633
6124 1842
6124 3690
6125 1771
6126 6126
6127 1573
6129 6018
6130 1423
6132 3982
6133 1972
6133 3977
6135 5919
6142 3449
6143 1141
6144 397
6146 5295
6148 3646
6149 1671
6149 5753
6150 6169
6159 3513
6160 1822
6161 1155
6162 2942
6167 5753
6169 3823
6169 3714
6169 6112
6169 6068
6169 6068
6170 1753
6178 73
6178 2983
6179 1905
6180 1000
6181 6181
6184 3510
6191 1741
6196 552
6198 1938
6199 1616
6200 1778
6201 2026
6202 2034
6204 3782
6207 6018
6208 1145
6209 6169
6209 5735
6212 5809
6212 3510
6214 1067
6216 1512
6217 5959
6219 2238
6219 244
6219 2471
6224 1092
