68 0
621 1
524 2
158 3
11 4
32 4
77 4
0 5
397 6
0 7
533 8
115 9
161 10
544 11
150 12
3 13
45 14
375 14
11 15
4 16
21 17
525 18
189 19
145 20
224 21
68 21
526 22
399 23
10 24
45 25
773 26
527 27
673 28
412 29
528 30
149 31
40 32
159 33
6 34
376 34
27 35
67 36
592 37
830 38
440 38
567 39
230 40
5 41
529 41
45 42
150 43
88 44
150 45
830 46
412 47
740 48
16 49
159 50
275 51
83 52
33 53
412 54
3 54
25 55
200 56
705 57
704 57
639 58
100 59
888 60
40 61
722 62
530 63
33 63
995 64
569 64
529 65
33 65
6 65
921 66
702 67
164 68
673 69
411 70
45 71
530 71
291 72
27 73
691 74
624 75
163 75
688 76
884 77
292 77
120 77
647 78
0 79
33 80
904 81
45 82
160 83
68 84
363 85
949 86
3 87
607 88
534 89
0 89
233 90
221 91
592 92
4 93
902 94
81 95
4 96
158 97
412 98
422 98
276 99
78 100
67 101
531 102
374 103
8 104
529 105
5 105
902 106
277 107
27 108
81 109
78 110
34 111
116 111
541 112
396 113
855 114
34 115
278 116
5 117
529 117
399 118
3 119
5 120
161 121
532 121
45 121
4 122
592 123
78 124
533 125
284 126
166 127
689 128
843 129
162 130
279 131
163 131
27 132
740 133
541 134
285 134
94 134
534 135
0 135
394 136
902 137
64 138
280 139
995 140
7 140
11 141
32 141
631 142
16 143
375 144
21 145
7 146
592 147
535 148
417 149
56 150
78 151
161 152
685 153
32 154
11 155
150 156
557 157
558 157
33 158
11 158
0 159
45 160
273 161
0 162
5 163
4 164
0 165
164 166
164 167
11 168
165 169
11 169
98 170
281 171
700 172
21 173
280 174
45 175
282 176
27 177
141 177
534 178
0 178
78 179
221 180
283 181
422 182
26 183
222 184
32 185
209 186
13 187
353 188
534 189
0 189
27 190
141 190
536 191
5 192
149 192
226 193
158 193
189 194
537 195
538 195
376 196
330 197
539 198
79 199
7 199
138 200
400 201
21 202
32 203
77 203
4 204
709 204
149 205
412 206
79 207
117 208
5 209
45 210
284 211
80 211
1031 212
423 213
414 214
540 215
168 216
5 217
0 218
541 219
285 219
150 220
167 221
40 222
541 223
285 223
46 224
97 225
3 225
3 226
45 227
161 227
674 228
734 228
284 229
458 230
1023 231
18 231
45 232
286 233
146 234
688 234
3 235
610 236
16 237
551 238
161 239
397 240
46 241
542 242
396 243
27 244
987 245
938 245
108 245
237 245
557 246
558 246
745 246
929 247
200 248
54 249
902 250
236 251
167 252
855 253
158 254
79 255
166 256
5 257
396 258
69 259
0 260
0 261
11 262
71 263
246 264
209 265
4 266
287 267
330 268
688 269
288 270
902 271
607 272
32 273
902 274
330 275
167 276
289 276
540 277
162 278
339 279
163 280
1023 281
18 281
358 281
203 282
91 283
222 284
62 285
79 286
0 287
5 288
290 289
45 290
376 290
543 291
283 291
81 292
353 293
399 294
45 295
161 295
532 295
290 296
607 297
11 297
161 298
193 299
78 300
709 301
4 301
45 302
146 303
376 304
685 305
1031 306
0 307
643 308
161 309
544 310
141 311
72 312
291 313
0 314
165 315
3 316
11 317
32 317
77 317
21 318
294 319
21 319
27 320
45 321
0 322
611 323
150 324
3 325
399 326
54 327
600 328
33 329
6 329
45 330
530 330
949 331
290 332
189 333
166 334
8 335
162 335
1031 336
4 337
161 338
200 339
212 340
118 341
5 342
294 343
21 343
0 344
45 345
396 346
417 347
149 348
11 349
32 349
396 350
534 351
0 351
411 352
167 353
283 354
902 355
119 356
292 356
120 356
293 357
33 358
387 359
69 360
149 361
45 362
545 363
546 363
3 364
294 365
21 365
33 366
34 367
278 368
0 369
422 370
891 371
94 372
4 373
3 374
71 375
73 376
82 377
168 377
665 378
406 379
5 379
607 380
375 380
100 381
81 381
67 382
376 383
423 384
718 384
3 385
295 386
83 386
673 387
551 388
296 388
976 389
68 390
736 391
374 392
5 393
0 394
16 395
929 396
1031 397
27 398
54 399
540 400
929 401
34 402
4 403
709 403
296 404
8 405
4 406
3 407
21 408
169 409
284 410
34 411
294 412
21 412
27 413
330 414
167 415
422 416
740 417
164 418
236 419
416 420
724 421
1031 422
547 423
0 424
72 425
664 426
121 427
168 428
34 429
117 430
139 430
0 431
223 432
27 433
548 434
194 435
170 436
549 437
11 438
5 438
631 439
902 440
135 441
212 442
78 443
195 444
0 444
830 445
424 446
193 447
550 448
551 448
150 449
71 450
297 451
8 452
552 453
396 454
396 455
396 456
396 457
396 458
396 459
11 460
25 460
268 461
921 461
149 462
332 463
12 464
334 465
333 465
1 466
741 467
0 468
131 469
37 470
892 471
332 472
4 473
10 474
12 475
123 476
240 477
38 478
171 479
412 480
3 480
431 481
314 481
2 482
412 483
3 483
122 484
429 485
553 486
554 486
504 487
4 487
986 488
30 489
298 490
299 490
44 491
735 492
326 492
131 493
59 494
2 495
976 496
10 497
15 497
3 498
577 498
433 499
584 500
6 501
299 501
7 501
300 502
555 502
234 503
927 504
122 505
332 506
2 507
20 508
314 509
332 510
15 511
35 511
110 512
33 513
6 513
172 514
173 514
123 515
174 515
124 515
92 516
584 517
314 518
175 519
7 519
24 520
131 520
192 521
129 522
741 522
644 522
571 523
130 523
90 524
332 525
35 526
1 527
301 528
1 528
60 529
56 530
1 531
38 532
308 533
742 534
129 535
222 535
617 536
966 537
644 538
888 539
736 540
191 541
3 542
3 543
572 544
739 544
314 545
927 545
12 546
241 547
234 548
47 549
176 549
177 549
191 550
28 551
125 552
302 552
126 552
510 553
975 554
178 555
556 555
555 556
313 557
995 558
38 558
295 558
303 559
3 559
304 559
70 560
314 561
362 562
36 563
17 564
4 564
193 565
305 566
1 567
48 568
9 568
36 569
1 570
4 571
39 572
122 572
56 573
98 573
246 574
995 575
7 575
61 576
513 576
122 577
432 578
976 579
69 580
4 580
700 580
2 581
557 582
558 582
184 583
619 584
4 584
174 585
124 585
222 586
125 587
192 588
306 589
12 589
736 590
268 591
239 592
192 593
1 594
305 595
966 596
36 597
179 597
61 597
193 598
22 599
1 600
162 601
2 602
995 603
38 603
3 604
339 605
437 606
753 606
12 607
92 608
58 609
37 610
307 611
127 611
313 612
13 612
577 613
7 614
1 614
2 615
314 616
729 617
123 617
128 618
102 619
84 620
267 621
885 621
362 622
40 623
35 624
727 624
1 625
378 626
123 627
124 627
308 628
106 629
916 630
20 631
267 632
2 633
23 633
314 634
123 635
123 636
122 637
85 638
123 639
70 640
314 641
192 642
888 643
566 644
131 645
314 646
534 647
0 647
268 648
30 649
122 650
1 651
559 651
240 652
12 652
92 653
1 654
192 655
534 656
122 657
48 658
0 659
36 660
559 660
555 661
56 662
632 662
425 663
15 663
30 663
12 663
48 664
9 664
309 665
128 665
6 666
7 666
49 667
123 667
48 668
9 668
123 669
180 670
13 670
37 671
889 671
908 671
536 672
24 673
44 674
560 675
70 676
561 677
37 678
562 679
579 680
587 681
426 682
56 682
181 683
17 683
25 684
563 685
564 685
310 686
128 686
49 686
311 686
181 687
17 687
41 688
3 688
38 689
312 689
174 690
0 691
274 691
55 692
961 692
313 693
50 693
13 693
314 694
51 695
48 695
174 696
510 697
192 698
378 699
25 700
59 701
47 702
12 703
1 704
876 705
0 706
47 707
17 708
37 709
2 710
584 711
932 712
927 713
2 714
170 715
515 716
37 717
431 718
12 719
721 720
317 720
47 721
103 722
69 722
48 722
33 723
2 724
565 725
35 726
7 727
889 728
908 728
33 729
193 730
912 730
49 731
3 732
182 733
234 734
915 734
315 735
3 736
1 736
965 737
11 737
630 738
316 739
730 740
178 740
183 741
25 741
4 742
6 743
7 743
56 744
632 744
55 745
961 745
184 746
308 747
124 748
123 748
29 748
317 748
183 749
566 749
51 749
25 749
314 750
11 751
25 751
567 752
3 752
739 753
553 754
554 754
953 755
318 756
29 756
584 757
2 758
330 759
888 760
185 761
2 762
123 763
314 764
0 765
80 765
729 766
123 766
38 767
295 767
894 768
743 769
630 770
23 771
186 771
1 771
13 771
50 772
3 773
695 774
686 774
1030 775
365 776
15 777
63 777
590 778
342 778
343 778
125 779
49 780
0 781
22 782
753 783
24 784
507 785
305 785
134 786
241 787
29 787
75 788
209 789
33 790
122 791
568 792
332 793
129 794
267 795
171 796
13 797
30 798
950 798
564 799
131 800
15 801
131 802
208 803
192 804
627 805
11 806
339 807
890 808
320 809
332 810
88 811
493 812
489 812
267 812
24 813
38 814
33 814
6 814
59 815
12 816
122 817
6 818
569 818
0 819
60 820
28 821
966 822
2 823
568 823
326 824
570 825
332 826
23 827
888 828
29 829
319 830
35 830
126 831
376 832
412 833
2 834
11 835
6 836
33 836
15 837
3 838
192 839
2 840
175 841
7 841
28 842
187 843
579 844
1015 845
560 846
125 847
320 847
28 848
55 849
722 850
327 851
326 851
735 851
314 852
927 852
125 853
555 854
122 855
321 856
85 856
37 857
966 858
322 859
314 860
1015 861
123 862
6 863
323 863
36 864
38 864
122 865
39 865
3 866
123 867
314 867
316 868
571 869
130 869
86 869
989 870
55 871
0 872
40 873
0 874
25 875
324 876
572 877
325 877
59 877
3 878
174 878
615 878
326 879
327 879
49 879
1 880
59 881
10 882
40 883
573 883
526 884
87 885
328 886
88 887
267 888
240 889
323 890
55 891
329 892
7 893
24 894
577 895
9 896
71 896
75 897
29 898
110 899
88 900
513 901
60 902
47 903
323 904
536 905
6 906
123 906
0 907
122 908
35 909
5 910
7 911
131 912
123 913
587 914
12 915
8 916
327 917
326 917
49 917
576 918
131 918
314 919
363 920
128 921
29 922
314 923
365 924
953 925
587 926
723 927
330 928
574 928
575 928
36 929
38 929
559 929
12 930
536 931
1 932
1 933
69 934
4 934
709 934
332 935
492 936
30 937
47 938
92 939
423 940
3 941
1 941
910 941
1 942
184 943
331 944
314 945
171 946
746 947
189 948
0 949
576 950
6 951
8 952
579 953
131 953
1 954
608 954
1 955
29 956
47 956
425 957
320 957
38 958
62 958
123 959
124 959
194 960
428 960
103 961
69 961
1 962
13 962
39 962
1 963
123 964
17 965
332 966
6 967
1 968
332 969
577 970
55 971
961 971
24 972
131 972
581 973
122 974
47 975
193 976
564 977
335 978
171 979
305 979
314 980
35 981
3 982
107 983
209 984
24 985
123 985
333 986
334 986
1 987
12 988
34 989
71 989
192 990
181 991
17 991
3 992
131 993
892 994
302 995
125 995
920 996
333 997
334 997
188 997
132 997
335 998
189 998
6 999
7 999
299 999
56 1000
332 1001
422 1002
192 1003
1 1004
0 1005
17 1006
4 1006
267 1007
107 1007
9 1008
71 1008
336 1009
84 1009
41 1010
13 1010
314 1011
63 1012
15 1012
122 1013
48 1014
9 1014
927 1015
578 1016
397 1017
888 1017
12 1018
12 1019
586 1020
587 1020
127 1021
2 1022
214 1023
991 1024
130 1025
51 1026
2 1027
40 1027
123 1028
268 1029
431 1029
12 1030
299 1031
337 1032
5 1033
314 1034
579 1035
912 1036
3 1036
584 1037
70 1038
986 1039
23 1040
41 1041
910 1041
3 1041
324 1042
47 1042
29 1042
317 1042
60 1043
22 1044
39 1044
0 1045
89 1046
965 1047
308 1048
3 1049
180 1050
13 1050
47 1051
580 1052
2 1053
8 1054
493 1055
489 1055
267 1055
579 1056
8 1057
298 1058
299 1058
581 1059
190 1059
38 1060
55 1061
61 1062
12 1063
33 1064
191 1065
313 1066
41 1066
13 1066
1 1067
39 1068
122 1068
131 1069
6 1070
300 1071
582 1071
608 1072
1 1072
24 1073
59 1074
439 1075
128 1076
127 1077
106 1078
0 1079
534 1079
530 1079
22 1080
751 1080
431 1081
72 1082
976 1083
192 1084
56 1085
107 1086
84 1087
423 1088
1 1089
395 1090
23 1091
71 1092
580 1093
432 1094
630 1095
187 1096
338 1097
583 1098
90 1099
1 1100
13 1100
47 1101
34 1102
888 1102
92 1103
195 1104
30 1104
196 1104
176 1105
229 1106
24 1107
579 1108
571 1109
130 1109
128 1110
426 1111
56 1111
339 1112
63 1113
15 1113
5 1114
133 1114
0 1114
231 1115
48 1116
91 1117
131 1118
56 1119
23 1120
208 1121
584 1122
644 1123
1 1124
55 1125
6 1126
33 1126
326 1127
751 1128
433 1129
326 1130
327 1130
365 1131
927 1132
234 1133
129 1134
12 1135
581 1136
22 1137
39 1137
28 1138
129 1139
15 1140
245 1140
91 1141
744 1142
193 1143
129 1144
888 1145
70 1146
8 1146
422 1146
193 1147
966 1148
12 1149
314 1150
73 1151
71 1152
301 1153
332 1154
172 1155
173 1155
123 1156
59 1156
2 1157
571 1158
11 1158
130 1158
668 1159
55 1159
295 1160
585 1161
55 1162
961 1162
194 1163
134 1164
268 1165
501 1166
365 1167
570 1167
109 1168
195 1169
30 1169
196 1169
330 1170
575 1170
192 1171
123 1172
340 1173
917 1174
918 1174
268 1175
88 1176
332 1177
843 1178
711 1178
35 1179
927 1180
495 1181
7 1182
175 1182
586 1183
587 1183
6 1184
906 1185
9 1186
71 1186
48 1186
126 1187
186 1188
23 1188
192 1189
122 1190
124 1191
7 1191
91 1192
341 1193
2 1194
48 1195
9 1195
586 1196
587 1196
314 1197
927 1198
239 1199
241 1199
192 1200
72 1201
9 1202
588 1203
589 1203
122 1204
123 1205
298 1206
92 1207
590 1208
342 1208
343 1208
11 1209
25 1209
37 1210
12 1210
8 1211
966 1212
591 1213
129 1214
92 1215
344 1216
345 1216
429 1217
173 1218
283 1219
109 1220
979 1221
151 1221
36 1222
593 1223
607 1224
374 1225
695 1226
151 1227
552 1228
453 1229
251 1230
45 1231
544 1231
886 1232
453 1233
200 1233
148 1234
309 1235
151 1236
533 1237
45 1238
552 1239
151 1240
979 1241
20 1242
27 1243
209 1243
110 1244
20 1244
374 1245
952 1246
942 1247
99 1248
200 1249
253 1250
769 1250
151 1251
20 1252
552 1253
203 1254
377 1255
124 1256
60 1257
200 1258
329 1259
267 1260
20 1261
11 1262
45 1262
804 1263
904 1264
904 1265
23 1266
20 1267
637 1268
203 1269
53 1270
53 1271
596 1272
423 1273
27 1274
594 1275
768 1276
596 1277
155 1278
551 1279
891 1280
540 1281
526 1282
360 1283
170 1284
138 1285
830 1286
440 1286
27 1287
839 1288
138 1289
394 1290
346 1291
347 1292
903 1293
516 1294
14 1294
200 1295
64 1296
135 1297
348 1297
674 1298
166 1298
54 1298
903 1299
141 1300
4 1301
54 1302
198 1303
64 1304
416 1304
166 1305
18 1306
607 1307
19 1308
93 1309
592 1310
45 1311
329 1312
201 1313
261 1314
18 1315
197 1316
198 1317
203 1318
273 1319
952 1319
198 1320
600 1321
199 1322
199 1323
199 1324
250 1325
349 1326
593 1326
113 1327
350 1328
18 1328
140 1329
82 1330
351 1330
168 1330
141 1331
45 1332
96 1333
93 1334
358 1335
734 1336
199 1337
141 1338
200 1339
201 1339
18 1340
64 1341
54 1342
46 1343
360 1344
596 1345
96 1346
65 1347
150 1348
155 1349
348 1350
605 1351
137 1352
142 1353
734 1354
1022 1354
135 1355
352 1356
136 1356
353 1357
4 1358
161 1359
417 1360
26 1361
594 1362
86 1362
42 1363
166 1364
329 1365
199 1366
350 1367
596 1368
348 1369
1023 1370
18 1370
358 1370
113 1371
64 1372
202 1373
354 1374
687 1375
155 1376
86 1377
139 1378
104 1379
674 1380
54 1380
235 1381
64 1382
52 1383
18 1384
952 1385
273 1385
839 1386
197 1387
360 1388
86 1389
54 1390
597 1391
840 1392
515 1392
376 1392
287 1393
593 1394
411 1395
600 1396
42 1397
357 1398
137 1399
596 1400
596 1401
595 1402
722 1403
45 1404
980 1405
903 1406
355 1407
19 1407
417 1408
27 1409
198 1410
96 1411
18 1412
166 1413
356 1414
93 1414
155 1415
980 1416
96 1417
204 1418
348 1419
596 1420
161 1421
45 1421
155 1422
235 1423
137 1424
111 1425
168 1426
82 1426
197 1427
358 1428
18 1429
203 1430
147 1431
142 1432
520 1432
53 1433
350 1434
605 1435
597 1436
596 1437
840 1438
515 1438
203 1439
602 1440
52 1441
54 1442
360 1443
161 1444
135 1445
64 1446
138 1447
18 1448
354 1449
32 1450
95 1451
64 1452
203 1453
93 1454
27 1455
150 1456
203 1457
347 1458
201 1459
136 1460
198 1461
139 1462
150 1463
64 1464
161 1465
199 1466
348 1467
86 1468
46 1469
734 1470
598 1471
8 1472
354 1473
453 1474
417 1474
94 1475
155 1476
830 1477
440 1477
592 1478
594 1479
86 1479
499 1480
357 1481
360 1482
235 1483
357 1484
599 1485
358 1486
18 1486
64 1487
516 1488
14 1488
697 1489
45 1490
359 1491
592 1492
95 1493
360 1494
141 1494
516 1495
76 1496
198 1497
198 1498
64 1499
138 1500
386 1501
141 1502
140 1503
204 1503
611 1504
840 1505
166 1506
597 1507
259 1508
45 1509
635 1510
199 1511
64 1512
600 1513
567 1514
601 1515
95 1515
360 1516
86 1517
596 1518
902 1519
204 1520
360 1521
360 1522
137 1522
198 1523
840 1524
855 1525
64 1526
687 1527
346 1528
348 1528
358 1529
18 1529
141 1530
356 1531
360 1532
1034 1533
54 1534
93 1535
138 1536
93 1537
1014 1538
602 1539
603 1539
516 1540
14 1540
141 1541
604 1542
64 1543
205 1543
54 1544
64 1545
142 1546
605 1547
595 1548
606 1549
19 1550
606 1550
141 1551
150 1552
166 1553
206 1554
4 1555
596 1556
347 1557
611 1558
610 1558
137 1559
207 1560
141 1561
259 1562
46 1563
900 1564
198 1565
141 1566
349 1566
68 1567
137 1568
18 1569
596 1570
467 1571
141 1571
18 1572
3 1573
607 1574
198 1574
142 1575
42 1575
141 1576
734 1577
54 1578
394 1579
54 1580
199 1581
142 1582
96 1583
96 1584
165 1585
138 1586
141 1587
165 1588
45 1589
166 1590
93 1591
96 1591
376 1592
687 1593
140 1594
204 1594
64 1595
54 1596
605 1597
142 1598
740 1599
576 1600
131 1600
609 1601
17 1602
9 1602
10 1603
608 1604
1 1604
608 1605
1 1605
953 1606
88 1607
609 1608
610 1609
611 1609
627 1610
913 1611
1005 1612
320 1613
612 1614
613 1615
208 1616
913 1617
531 1618
1 1619
953 1620
88 1621
913 1622
614 1623
976 1624
630 1625
1030 1626
395 1627
88 1628
4 1629
709 1629
307 1630
97 1631
17 1631
3 1631
55 1632
107 1633
47 1634
179 1635
1 1636
421 1637
193 1638
59 1639
504 1640
4 1640
71 1641
426 1642
211 1642
748 1642
501 1643
191 1644
615 1645
616 1645
584 1646
47 1647
977 1648
978 1648
33 1649
11 1649
123 1650
617 1650
618 1650
92 1651
0 1652
174 1653
363 1654
25 1654
184 1655
193 1656
722 1657
25 1658
51 1659
91 1660
342 1661
268 1661
343 1661
2 1662
211 1663
426 1663
953 1664
33 1665
83 1666
60 1667
55 1668
313 1669
515 1670
92 1671
1 1671
6 1672
7 1672
361 1673
3 1674
888 1675
193 1675
1 1676
977 1677
978 1677
63 1678
584 1678
1030 1679
55 1680
571 1681
342 1682
343 1682
33 1683
1 1684
69 1685
189 1686
579 1687
40 1688
3 1689
9 1690
33 1691
90 1692
422 1693
8 1693
128 1694
71 1695
977 1696
978 1696
131 1697
25 1698
48 1699
33 1699
85 1700
372 1701
124 1701
11 1702
4 1703
209 1704
0 1705
247 1706
1 1707
130 1708
182 1708
12 1709
143 1710
362 1710
363 1711
28 1712
332 1712
916 1713
888 1714
210 1715
5 1716
0 1716
49 1717
953 1718
28 1719
3 1720
1 1720
326 1721
327 1721
332 1722
268 1723
174 1724
192 1725
49 1726
193 1727
51 1728
8 1728
17 1728
2 1729
4 1730
533 1731
11 1732
12 1733
15 1734
256 1735
939 1736
501 1736
364 1737
273 1738
890 1739
191 1740
227 1741
6 1741
211 1742
211 1743
98 1743
0 1744
530 1744
3 1745
912 1745
129 1746
267 1747
208 1748
84 1749
33 1750
378 1751
33 1752
51 1753
5 1754
71 1755
183 1756
25 1756
51 1756
92 1757
977 1758
978 1758
533 1759
0 1760
5 1761
55 1762
4 1763
571 1764
579 1765
1 1766
7 1766
365 1767
47 1768
619 1769
49 1770
735 1770
395 1771
729 1772
123 1772
339 1772
107 1772
308 1773
191 1773
122 1774
427 1775
55 1775
326 1776
49 1776
48 1777
84 1778
688 1779
55 1780
953 1781
330 1782
48 1783
9 1783
579 1784
501 1785
35 1786
209 1787
4 1788
33 1789
590 1790
343 1790
630 1791
212 1792
84 1793
47 1793
748 1794
489 1795
268 1795
307 1796
33 1797
11 1797
123 1798
8 1799
25 1800
1 1801
7 1801
213 1802
189 1803
102 1804
378 1805
92 1806
72 1807
29 1808
1 1809
530 1810
299 1811
332 1812
4 1813
311 1814
956 1815
965 1816
501 1817
102 1817
34 1818
332 1819
378 1820
342 1820
20 1821
239 1822
976 1822
336 1823
84 1823
591 1824
211 1825
1005 1826
644 1827
246 1828
378 1829
302 1829
212 1830
722 1831
1 1832
965 1833
11 1834
0 1835
92 1836
422 1837
891 1838
891 1839
913 1840
55 1841
298 1842
48 1843
33 1843
335 1844
366 1845
367 1845
921 1846
122 1847
63 1848
1 1849
368 1850
35 1851
123 1852
162 1853
1005 1854
214 1855
501 1856
90 1857
212 1858
362 1859
430 1860
307 1861
2 1862
37 1863
33 1864
620 1865
124 1866
4 1867
953 1868
189 1869
308 1870
171 1871
513 1872
189 1873
9 1874
215 1875
48 1876
7 1877
334 1878
501 1879
939 1879
319 1880
192 1881
28 1882
586 1883
944 1884
540 1885
171 1886
240 1886
985 1887
730 1888
178 1888
430 1888
211 1889
369 1889
422 1890
20 1891
187 1892
939 1893
122 1894
131 1895
8 1896
267 1897
587 1898
370 1899
6 1899
45 1899
216 1900
55 1900
830 1901
830 1902
371 1903
372 1903
144 1903
292 1904
120 1904
174 1905
88 1906
155 1907
120 1908
144 1909
84 1910
69 1911
980 1912
621 1913
87 1914
124 1914
975 1915
850 1916
26 1917
607 1918
607 1919
445 1920
1007 1921
298 1922
515 1923
544 1923
60 1924
176 1925
980 1926
521 1927
129 1928
124 1929
162 1930
3 1931
980 1932
927 1932
151 1933
622 1934
376 1935
1015 1936
170 1937
376 1938
292 1939
120 1939
87 1940
374 1941
987 1942
108 1942
304 1943
571 1944
120 1945
200 1946
374 1947
378 1948
43 1949
37 1950
0 1951
886 1952
13 1952
224 1953
942 1954
1007 1955
45 1956
114 1957
566 1958
373 1959
374 1959
60 1960
607 1961
0 1961
37 1962
743 1963
45 1964
593 1965
162 1966
377 1967
144 1967
151 1968
109 1969
60 1970
23 1971
186 1971
3 1972
308 1973
376 1974
217 1975
622 1975
384 1976
215 1977
1017 1978
125 1979
970 1980
695 1981
148 1982
376 1983
811 1984
375 1985
623 1985
529 1986
5 1986
441 1987
995 1988
15 1988
37 1989
425 1989
607 1990
45 1990
277 1991
376 1992
386 1993
217 1994
374 1995
72 1996
664 1997
493 1998
612 1998
262 1999
624 2000
218 2001
37 2002
72 2003
60 2004
374 2005
28 2006
965 2007
374 2008
0 2009
219 2010
162 2011
349 2012
50 2012
1006 2013
277 2014
768 2015
1005 2016
515 2017
376 2017
424 2018
284 2019
996 2020
24 2021
55 2022
961 2022
72 2023
106 2023
87 2024
377 2025
148 2026
804 2027
524 2027
56 2028
7 2029
913 2030
298 2031
126 2032
148 2033
571 2034
130 2034
120 2035
884 2035
109 2036
109 2037
23 2038
217 2039
625 2040
45 2040
5 2040
304 2041
840 2042
515 2042
740 2043
298 2044
170 2045
33 2046
202 2047
1015 2048
87 2049
120 2050
37 2051
45 2052
371 2053
372 2053
144 2053
626 2054
376 2054
980 2055
375 2056
90 2057
220 2058
251 2059
272 2059
626 2060
92 2061
236 2062
0 2063
2 2064
72 2065
2 2066
179 2067
218 2068
3 2069
119 2070
432 2070
120 2070
519 2071
904 2072
979 2073
72 2074
1015 2075
511 2076
2 2077
11 2078
109 2079
600 2080
190 2081
740 2082
151 2083
217 2084
734 2085
273 2086
892 2087
804 2088
109 2089
2 2090
38 2091
627 2091
980 2092
628 2093
0 2094
82 2095
804 2096
151 2096
607 2097
92 2098
853 2099
578 2099
923 2100
509 2101
377 2102
144 2102
253 2103
82 2104
1030 2105
60 2106
1020 2107
109 2108
277 2109
45 2110
302 2111
56 2112
632 2112
119 2113
980 2114
495 2115
37 2116
632 2117
56 2117
629 2118
904 2119
376 2120
13 2121
114 2122
630 2123
64 2124
374 2125
378 2126
436 2127
62 2127
861 2128
217 2129
631 2130
379 2130
0 2131
374 2132
251 2133
502 2134
272 2135
109 2136
0 2137
600 2138
16 2139
12 2140
629 2141
387 2142
376 2143
221 2144
60 2145
200 2146
736 2147
55 2147
566 2148
607 2149
622 2150
186 2151
190 2152
380 2152
0 2153
186 2154
886 2155
376 2156
60 2157
217 2158
376 2159
521 2160
130 2161
376 2162
521 2163
38 2164
521 2165
600 2166
376 2167
626 2168
632 2169
56 2169
62 2170
515 2171
376 2171
194 2172
533 2173
114 2174
129 2175
307 2176
88 2177
45 2178
637 2179
768 2180
109 2181
383 2182
384 2183
445 2184
20 2185
461 2186
20 2187
384 2188
700 2189
248 2190
381 2191
633 2191
634 2192
768 2193
384 2194
384 2195
455 2196
384 2197
384 2198
57 2199
252 2200
57 2201
455 2202
284 2203
99 2204
248 2205
829 2206
635 2207
57 2208
151 2208
248 2209
855 2210
957 2211
109 2212
459 2213
384 2214
611 2215
309 2216
57 2217
253 2218
826 2219
384 2220
248 2221
829 2222
458 2223
376 2224
626 2225
20 2226
57 2227
20 2228
829 2229
455 2230
635 2231
458 2232
780 2233
151 2234
63 2235
110 2236
99 2237
382 2238
99 2238
455 2239
454 2240
635 2241
99 2242
309 2243
381 2244
633 2244
964 2245
57 2246
383 2247
20 2248
788 2249
252 2250
458 2251
384 2252
788 2253
459 2254
252 2255
252 2256
771 2257
461 2258
459 2259
780 2260
57 2260
309 2261
99 2262
959 2263
62 2264
384 2265
552 2266
459 2267
454 2268
455 2268
252 2269
637 2270
377 2271
636 2272
384 2273
780 2274
384 2275
57 2276
372 2277
461 2278
459 2279
221 2280
384 2281
109 2282
0 2282
384 2283
248 2284
459 2285
252 2286
458 2287
384 2288
455 2289
637 2290
99 2290
384 2291
804 2292
455 2293
99 2294
99 2295
20 2296
700 2297
780 2298
20 2299
253 2300
384 2301
461 2302
855 2303
384 2304
99 2304
637 2305
804 2306
788 2307
376 2308
252 2309
450 2310
855 2311
99 2312
384 2313
959 2313
248 2314
21 2315
511 2316
206 2317
385 2318
647 2319
224 2320
392 2320
222 2321
611 2322
146 2323
202 2324
412 2325
3 2325
224 2326
353 2327
21 2328
3 2329
441 2330
386 2331
137 2332
121 2333
3 2334
387 2335
557 2336
224 2336
635 2337
45 2338
233 2339
275 2340
673 2341
16 2342
388 2343
638 2344
389 2345
115 2346
167 2347
400 2348
203 2349
137 2350
66 2351
4 2351
422 2352
566 2352
688 2353
870 2354
902 2355
225 2356
398 2356
639 2357
855 2358
389 2359
390 2359
902 2360
640 2361
475 2362
103 2363
69 2363
0 2363
223 2364
45 2365
223 2366
904 2367
399 2368
511 2369
81 2370
297 2370
3 2371
224 2372
393 2372
100 2373
54 2374
874 2375
511 2376
145 2377
67 2377
155 2378
348 2379
162 2380
137 2381
883 2382
223 2383
67 2384
145 2385
101 2386
161 2387
919 2388
117 2389
8 2390
4 2391
688 2392
94 2393
121 2394
689 2395
3 2396
141 2397
391 2398
385 2399
167 2400
611 2401
651 2402
511 2403
422 2404
412 2404
566 2404
224 2405
392 2405
393 2405
27 2406
275 2407
155 2408
4 2409
246 2410
164 2411
394 2412
394 2413
385 2414
336 2414
353 2415
100 2416
101 2417
353 2418
167 2419
32 2420
223 2421
54 2422
137 2423
162 2424
224 2425
392 2425
596 2426
69 2427
422 2428
965 2428
212 2429
67 2430
353 2431
54 2432
145 2433
100 2434
146 2435
3 2436
4 2437
592 2438
0 2439
395 2440
919 2441
348 2442
100 2443
80 2443
3 2444
688 2445
381 2446
146 2447
386 2448
67 2449
223 2450
396 2451
94 2452
161 2453
283 2454
100 2455
80 2455
531 2456
399 2457
285 2458
395 2459
389 2460
0 2461
422 2462
16 2463
83 2464
206 2465
145 2466
202 2467
223 2468
54 2469
66 2470
4 2470
21 2471
237 2472
145 2473
611 2474
21 2475
223 2476
1014 2477
146 2478
641 2478
170 2479
145 2480
67 2480
397 2481
193 2481
0 2482
0 2483
251 2484
162 2485
611 2486
283 2487
45 2488
855 2489
861 2490
673 2491
0 2492
8 2493
399 2494
642 2495
162 2496
3 2497
673 2498
54 2499
27 2500
94 2501
94 2502
97 2503
225 2504
398 2504
25 2505
161 2506
4 2507
137 2508
399 2509
400 2510
140 2511
674 2511
67 2512
11 2513
396 2514
394 2515
297 2516
0 2517
16 2518
717 2519
688 2520
200 2521
155 2522
103 2523
0 2523
69 2523
592 2524
224 2525
27 2526
145 2527
67 2527
396 2528
283 2529
986 2530
145 2531
67 2531
21 2532
396 2533
196 2534
162 2535
212 2536
159 2537
396 2538
0 2539
401 2539
21 2540
81 2541
221 2542
4 2543
101 2544
655 2545
551 2546
902 2547
643 2548
159 2549
540 2550
657 2551
146 2552
6 2553
34 2554
116 2554
121 2555
644 2556
592 2557
402 2558
403 2558
404 2558
21 2559
100 2560
81 2561
4 2562
709 2562
62 2563
103 2563
33 2563
64 2564
101 2565
102 2566
353 2567
290 2568
6 2569
4 2570
709 2570
34 2571
116 2571
394 2572
645 2573
4 2574
974 2575
206 2576
102 2577
646 2578
100 2579
569 2580
530 2580
647 2581
33 2582
62 2583
103 2583
226 2584
117 2585
412 2586
3 2586
21 2587
101 2588
34 2589
592 2590
79 2591
711 2592
25 2593
34 2594
394 2595
4 2596
209 2597
62 2598
103 2598
34 2599
539 2600
4 2601
3 2602
0 2603
402 2604
403 2604
404 2604
673 2605
711 2606
843 2606
534 2607
0 2607
648 2608
195 2609
275 2610
649 2611
100 2612
402 2613
403 2613
404 2613
405 2614
80 2615
79 2616
94 2616
284 2617
280 2618
79 2619
407 2620
394 2621
650 2622
167 2623
655 2624
34 2625
511 2626
376 2627
161 2628
651 2629
221 2630
4 2631
709 2631
283 2632
94 2633
80 2634
195 2635
0 2635
773 2636
33 2637
569 2637
592 2638
81 2639
146 2640
5 2641
0 2641
406 2641
62 2642
103 2642
116 2643
34 2643
79 2644
94 2644
94 2645
652 2646
592 2647
640 2647
25 2648
67 2649
773 2650
290 2651
688 2652
81 2653
653 2653
654 2653
3 2654
826 2655
21 2656
33 2657
6 2657
5 2658
133 2658
640 2659
45 2660
6 2660
412 2661
3 2661
121 2662
195 2663
21 2664
102 2665
62 2666
103 2666
511 2667
399 2668
27 2669
209 2670
33 2671
33 2672
6 2672
79 2673
655 2674
195 2675
4 2676
709 2676
103 2677
353 2678
79 2679
389 2680
390 2680
550 2681
551 2681
115 2682
100 2683
11 2684
129 2685
459 2686
40 2687
282 2688
353 2689
353 2690
291 2691
161 2692
376 2693
10 2694
5 2694
0 2695
161 2696
103 2697
0 2697
62 2698
586 2699
167 2700
139 2701
167 2702
406 2703
5 2703
161 2704
6 2705
656 2705
33 2706
6 2706
529 2706
403 2707
402 2707
34 2708
353 2709
94 2710
282 2711
0 2712
412 2713
3 2713
353 2714
94 2715
657 2716
552 2717
202 2718
658 2719
100 2720
80 2720
659 2721
203 2722
221 2723
6 2724
227 2724
121 2725
663 2726
396 2727
3 2728
422 2729
8 2729
94 2730
167 2731
71 2732
301 2733
664 2733
27 2734
402 2735
403 2735
404 2735
121 2736
407 2737
159 2738
414 2739
228 2740
398 2741
225 2741
415 2742
612 2743
527 2743
8 2744
41 2744
1020 2745
408 2746
165 2747
135 2748
10 2749
168 2750
409 2751
11 2752
660 2753
5 2754
530 2755
534 2755
0 2755
661 2756
662 2756
929 2757
118 2758
67 2759
49 2759
161 2760
163 2761
149 2761
663 2762
48 2763
995 2764
16 2764
16 2765
10 2766
664 2767
376 2768
3 2769
4 2770
399 2771
100 2772
80 2772
166 2773
109 2774
1020 2775
228 2776
228 2777
569 2778
386 2779
147 2780
148 2780
338 2781
423 2782
8 2783
530 2784
0 2784
109 2784
49 2785
283 2785
83 2786
422 2787
81 2788
276 2789
3 2790
884 2791
665 2792
666 2792
718 2793
934 2793
423 2793
688 2794
225 2795
534 2796
0 2796
11 2797
33 2797
166 2798
3 2799
3 2800
109 2801
661 2802
667 2803
410 2804
892 2805
165 2806
668 2807
16 2808
64 2809
109 2810
4 2811
840 2812
995 2813
3 2814
347 2815
140 2815
6 2816
0 2816
227 2816
6 2817
370 2817
33 2817
236 2818
229 2819
669 2819
376 2820
607 2821
313 2822
135 2823
411 2824
902 2825
529 2826
5 2826
390 2827
150 2828
251 2829
751 2830
3 2830
150 2831
670 2832
4 2833
709 2833
230 2834
5 2835
671 2835
291 2836
94 2837
231 2838
232 2838
97 2839
412 2839
3 2839
147 2840
148 2840
387 2841
168 2842
0 2843
64 2844
0 2845
607 2846
405 2847
399 2847
64 2848
3 2849
10 2850
27 2851
5 2852
237 2853
3 2854
11 2855
0 2855
717 2856
200 2857
45 2858
375 2858
376 2858
672 2859
117 2860
387 2861
109 2862
0 2863
5 2864
69 2864
673 2865
358 2866
830 2867
674 2868
54 2868
246 2869
0 2870
140 2871
161 2872
67 2873
675 2873
586 2874
104 2875
413 2876
233 2876
676 2877
722 2878
949 2879
0 2880
91 2881
412 2881
387 2882
423 2883
163 2884
149 2884
386 2885
234 2886
17 2886
734 2887
276 2888
674 2889
676 2890
3 2891
0 2892
414 2893
82 2894
3 2895
165 2896
186 2897
27 2898
16 2899
145 2900
33 2901
64 2902
0 2903
10 2904
118 2905
3 2906
511 2907
303 2908
3 2908
46 2909
374 2910
56 2911
166 2912
415 2913
235 2913
374 2914
379 2915
235 2916
677 2916
678 2916
660 2917
10 2918
45 2919
163 2920
149 2920
376 2921
679 2922
1015 2923
32 2924
69 2925
4 2925
813 2926
18 2926
165 2927
417 2927
530 2928
0 2928
150 2929
10 2930
104 2931
82 2932
680 2932
3 2933
69 2934
4 2934
700 2934
289 2935
167 2935
0 2936
230 2937
631 2938
3 2939
64 2940
72 2941
16 2942
422 2943
8 2943
46 2944
166 2945
515 2946
167 2947
687 2948
150 2949
16 2950
8 2951
109 2952
52 2953
225 2954
681 2954
388 2955
0 2956
870 2957
16 2958
387 2958
674 2959
54 2959
150 2960
276 2961
804 2962
524 2962
246 2963
411 2964
3 2965
673 2966
10 2967
734 2968
18 2969
162 2970
682 2971
18 2971
165 2972
681 2972
534 2973
530 2973
0 2973
0 2974
117 2975
91 2976
0 2977
237 2978
108 2978
819 2978
0 2979
399 2980
168 2981
82 2981
683 2982
50 2982
283 2983
399 2984
934 2985
423 2985
291 2986
684 2987
685 2987
149 2988
686 2989
1007 2990
64 2991
416 2991
68 2991
0 2992
353 2993
390 2994
161 2995
104 2996
16 2997
16 2998
674 2999
45 3000
109 3001
170 3002
166 3003
236 3004
422 3005
8 3005
687 3006
420 3007
149 3007
736 3008
226 3009
158 3009
228 3010
416 3011
159 3012
1031 3013
1031 3014
138 3015
78 3016
276 3017
417 3018
418 3018
80 3019
69 3020
69 3021
4 3021
700 3021
237 3022
409 3023
390 3024
69 3025
225 3026
365 3027
287 3028
387 3029
3 3030
417 3031
673 3032
11 3033
710 3034
524 3034
229 3035
139 3036
387 3037
358 3038
82 3039
680 3039
224 3040
392 3040
557 3040
16 3041
69 3042
0 3043
90 3043
5 3044
133 3044
534 3045
976 3045
408 3046
424 3046
78 3047
80 3048
148 3049
147 3049
453 3050
16 3051
659 3052
163 3053
279 3053
82 3054
168 3054
688 3055
150 3056
689 3057
32 3058
229 3059
412 3060
3 3060
690 3061
691 3062
353 3063
717 3063
150 3064
692 3065
8 3065
693 3065
5 3066
694 3067
695 3067
1020 3068
1007 3069
696 3070
235 3071
995 3072
10 3073
697 3074
236 3075
408 3075
3 3076
698 3077
3 3077
41 3077
27 3078
415 3079
174 3080
374 3081
386 3082
166 3083
419 3084
69 3085
149 3086
631 3087
386 3088
699 3089
69 3089
700 3089
149 3090
420 3090
18 3091
701 3092
165 3093
109 3094
414 3095
353 3096
166 3097
3 3098
166 3099
150 3100
0 3101
702 3102
400 3102
104 3103
203 3104
703 3105
387 3106
4 3107
224 3108
595 3108
747 3109
0 3110
18 3111
704 3112
705 3112
170 3113
69 3114
145 3114
283 3115
421 3116
706 3117
707 3117
5 3118
64 3119
141 3120
237 3121
27 3122
224 3123
417 3124
10 3125
54 3126
708 3127
287 3128
224 3129
700 3130
196 3131
163 3132
149 3132
0 3133
1031 3134
71 3135
10 3136
415 3137
78 3138
273 3139
0 3140
273 3141
10 3142
358 3143
409 3144
707 3145
236 3146
10 3147
16 3148
1031 3149
840 3150
515 3150
376 3150
412 3151
3 3151
32 3152
69 3153
4 3153
709 3153
71 3154
48 3154
237 3155
60 3156
109 3157
69 3158
4 3158
710 3159
291 3160
417 3161
418 3161
224 3162
393 3162
850 3163
902 3164
3 3165
412 3165
840 3166
238 3167
422 3168
8 3168
417 3169
222 3170
168 3171
417 3172
69 3173
3 3174
929 3175
229 3176
222 3177
406 3178
5 3178
0 3178
153 3179
530 3180
534 3180
0 3180
186 3181
0 3182
5 3183
69 3184
103 3184
711 3185
3 3186
286 3187
165 3188
135 3189
104 3189
67 3190
168 3191
82 3191
69 3192
103 3192
0 3193
600 3194
712 3195
109 3196
0 3197
0 3198
40 3199
222 3200
0 3201
705 3202
747 3203
46 3204
166 3205
713 3206
714 3206
200 3207
64 3208
353 3209
387 3210
167 3211
715 3212
69 3212
4 3212
716 3213
16 3214
159 3215
5 3215
21 3216
535 3217
840 3218
515 3218
22 3219
3 3219
453 3220
0 3221
3 3222
68 3223
149 3224
104 3225
276 3225
138 3226
639 3227
5 3228
530 3229
534 3229
0 3229
82 3230
716 3231
287 3232
687 3233
135 3233
200 3234
3 3235
717 3236
420 3237
149 3237
82 3238
351 3238
166 3239
232 3240
231 3240
27 3241
410 3242
159 3243
830 3244
1031 3245
830 3246
12 3247
150 3248
16 3249
104 3250
2 3250
69 3251
4 3251
700 3251
228 3252
79 3252
0 3253
376 3254
71 3255
18 3256
103 3257
0 3257
423 3258
718 3258
1017 3259
424 3260
202 3261
424 3262
291 3263
104 3264
386 3265
3 3266
843 3267
711 3267
114 3268
719 3269
720 3270
233 3271
673 3272
64 3273
283 3274
91 3275
417 3276
10 3277
413 3278
233 3278
70 3279
673 3280
407 3281
27 3282
840 3283
117 3284
168 3285
82 3285
697 3286
68 3287
10 3288
0 3289
674 3290
54 3290
3 3291
534 3292
0 3292
688 3293
641 3293
421 3294
12 3295
502 3296
47 3297
29 3297
22 3298
39 3298
129 3299
222 3299
123 3300
7 3301
56 3302
3 3303
313 3304
13 3304
342 3305
162 3306
59 3307
126 3307
30 3308
17 3309
7 3310
927 3311
129 3312
7 3313
3 3314
17 3314
97 3314
313 3315
47 3316
29 3316
175 3317
568 3318
922 3319
263 3320
7 3320
186 3321
23 3321
171 3322
433 3322
123 3323
11 3324
122 3325
107 3326
425 3327
70 3327
1 3328
412 3329
3 3329
39 3330
107 3331
313 3332
41 3332
13 3332
421 3333
189 3334
721 3335
241 3335
314 3336
343 3337
342 3337
125 3338
276 3339
55 3340
13 3341
35 3342
62 3343
38 3343
29 3344
193 3345
504 3346
4 3346
11 3347
157 3347
1 3348
177 3349
123 3349
241 3350
29 3350
134 3350
986 3351
421 3352
2 3353
61 3354
0 3355
976 3356
37 3357
504 3358
4 3358
619 3359
4 3359
17 3359
123 3360
3 3361
29 3362
430 3362
2 3363
23 3363
78 3364
911 3365
620 3365
6 3366
55 3367
47 3368
433 3369
721 3370
35 3371
534 3372
0 3372
267 3373
733 3374
334 3375
333 3375
89 3376
11 3377
0 3378
491 3379
2 3379
55 3380
514 3381
105 3382
70 3383
50 3383
35 3384
585 3385
507 3385
61 3386
9 3387
193 3388
3 3389
927 3390
314 3390
729 3391
123 3391
722 3392
331 3393
34 3394
2 3395
105 3396
41 3396
56 3397
51 3398
0 3399
36 3400
38 3400
36 3401
559 3401
318 3402
29 3402
530 3403
0 3403
627 3404
48 3405
9 3405
2 3406
974 3407
56 3407
108 3407
439 3408
191 3408
72 3409
47 3410
130 3411
723 3411
182 3411
36 3412
29 3413
7 3414
1025 3415
314 3416
927 3417
314 3417
314 3418
1 3419
425 3420
37 3420
618 3421
431 3421
171 3422
2 3422
209 3423
25 3424
55 3425
570 3426
179 3427
577 3428
23 3429
12 3430
38 3431
55 3432
125 3433
695 3434
302 3435
876 3436
1 3437
914 3438
192 3439
579 3439
15 3440
586 3441
243 3442
615 3443
240 3444
12 3444
17 3445
314 3446
912 3447
3 3447
211 3448
426 3448
369 3448
55 3449
216 3449
427 3449
366 3450
744 3451
143 3452
319 3452
23 3453
107 3454
12 3454
331 3455
722 3456
608 3457
313 3458
0 3459
534 3459
107 3460
2 3461
324 3462
123 3463
59 3463
174 3464
4 3465
122 3466
39 3466
55 3467
7 3468
725 3469
123 3470
6 3470
40 3471
11 3472
313 3473
33 3474
211 3475
0 3476
941 3477
432 3478
267 3478
35 3479
319 3479
92 3480
723 3481
189 3481
395 3482
122 3483
314 3484
2 3485
92 3486
34 3487
11 3488
314 3489
914 3489
428 3490
2 3491
914 3492
90 3493
11 3494
571 3494
130 3494
927 3495
491 3496
240 3496
923 3497
268 3497
92 3498
123 3499
1 3500
22 3501
106 3502
192 3503
92 3504
306 3505
12 3505
431 3506
48 3507
39 3508
122 3508
124 3508
619 3509
4 3509
17 3509
24 3510
241 3511
317 3511
721 3511
577 3512
703 3513
22 3514
49 3515
327 3515
731 3516
724 3517
323 3518
645 3519
2 3520
6 3521
33 3521
536 3522
0 3523
5 3523
49 3524
56 3525
47 3526
11 3527
143 3528
9 3529
125 3530
239 3531
571 3532
182 3532
7 3533
2 3534
725 3534
0 3535
50 3536
8 3537
35 3538
239 3539
1 3540
572 3541
59 3541
123 3541
126 3541
739 3541
577 3542
47 3543
88 3544
131 3545
123 3546
308 3547
48 3548
3 3548
9 3548
2 3549
431 3550
726 3551
314 3552
209 3553
336 3554
84 3554
75 3555
34 3556
71 3556
123 3557
2 3558
913 3559
240 3560
12 3560
688 3561
641 3561
30 3562
196 3562
430 3563
37 3564
24 3565
55 3566
966 3567
12 3568
71 3569
314 3570
193 3571
534 3572
0 3572
722 3573
429 3574
534 3575
0 3575
84 3576
131 3577
70 3578
1 3578
301 3578
41 3579
1 3579
3 3579
12 3580
889 3580
107 3580
35 3581
727 3581
59 3582
24 3583
491 3584
306 3584
174 3585
131 3586
35 3587
56 3588
48 3589
586 3589
240 3590
4 3591
314 3592
585 3593
123 3594
7 3595
62 3595
436 3595
92 3596
12 3597
12 3598
4 3599
37 3600
123 3600
435 3600
426 3601
211 3601
728 3602
37 3603
123 3603
55 3604
332 3605
25 3606
84 3607
325 3608
127 3609
75 3610
240 3611
729 3612
730 3613
178 3613
430 3613
82 3614
677 3615
241 3616
332 3617
364 3618
927 3619
0 3620
80 3620
317 3621
29 3621
434 3621
12 3622
491 3623
2 3623
37 3624
608 3625
56 3626
616 3627
242 3628
38 3629
586 3630
587 3630
731 3631
695 3632
323 3633
240 3634
123 3635
22 3636
39 3636
732 3637
733 3637
186 3638
23 3638
734 3638
927 3639
647 3640
438 3640
922 3641
0 3642
2 3643
950 3644
30 3644
196 3644
0 3645
30 3645
0 3646
0 3647
37 3648
229 3649
241 3650
62 3651
48 3652
239 3653
35 3654
727 3654
171 3655
579 3656
6 3657
25 3658
433 3659
9 3660
200 3661
423 3662
56 3663
309 3664
71 3664
735 3664
49 3664
20 3665
329 3666
61 3666
513 3666
4 3667
709 3667
888 3668
1 3669
721 3670
317 3670
35 3671
268 3672
23 3673
34 3674
911 3675
620 3675
70 3676
2 3677
579 3678
493 3679
6 3680
124 3681
748 3682
268 3682
431 3683
931 3684
616 3685
314 3685
728 3686
124 3687
123 3687
35 3688
127 3689
580 3690
126 3691
2 3692
586 3693
10 3694
123 3695
1 3696
2 3697
339 3698
4 3699
709 3699
2 3700
425 3701
24 3701
243 3701
510 3702
190 3703
52 3704
72 3705
106 3705
25 3706
9 3707
48 3707
17 3707
177 3708
29 3708
9 3709
22 3710
11 3711
342 3712
343 3712
181 3713
234 3713
17 3713
431 3714
429 3715
241 3715
124 3715
134 3715
60 3716
25 3717
25 3718
73 3719
332 3720
92 3721
200 3722
324 3723
47 3723
29 3723
2 3724
2 3725
300 3726
722 3727
37 3728
431 3729
24 3730
7 3731
326 3732
2 3733
568 3733
504 3734
4 3734
122 3735
191 3736
421 3737
608 3738
1 3738
186 3739
23 3739
92 3740
994 3741
324 3742
586 3743
7 3743
299 3744
229 3745
268 3746
2 3747
240 3748
70 3748
326 3749
327 3749
2 3750
29 3751
22 3752
78 3753
107 3754
580 3755
889 3755
12 3755
107 3756
222 3756
84 3757
22 3758
577 3759
555 3760
40 3761
421 3762
123 3763
995 3764
38 3764
70 3765
502 3766
888 3767
425 3768
11 3769
241 3770
29 3770
40 3771
7 3771
37 3772
55 3773
736 3773
748 3774
193 3775
8 3776
2 3777
123 3778
51 3779
36 3780
559 3780
927 3781
2 3782
576 3783
131 3783
422 3784
566 3784
8 3784
339 3785
11 3786
927 3787
191 3788
55 3789
123 3790
124 3790
1 3791
28 3792
44 3792
314 3793
126 3794
55 3795
9 3796
84 3797
663 3798
741 3799
4 3800
48 3801
9 3801
71 3801
397 3802
888 3802
744 3803
1 3804
927 3805
33 3806
317 3807
721 3807
48 3808
9 3809
927 3810
425 3811
320 3811
1 3812
3 3813
580 3814
428 3815
189 3815
1 3816
119 3817
432 3817
120 3817
41 3818
13 3818
267 3819
17 3820
1 3821
985 3822
1 3823
7 3823
4 3824
66 3825
737 3826
211 3827
82 3827
37 3828
37 3829
123 3830
35 3831
939 3832
123 3833
66 3834
4 3834
332 3835
29 3836
425 3837
25 3838
48 3839
433 3840
241 3840
1 3841
22 3842
39 3842
0 3843
323 3844
0 3845
25 3846
965 3847
330 3848
574 3848
575 3848
131 3849
4 3850
17 3850
620 3851
911 3851
24 3852
134 3853
1005 3854
431 3855
37 3856
123 3857
0 3858
1 3859
37 3860
739 3861
60 3862
36 3863
738 3863
24 3864
130 3865
107 3866
885 3866
739 3867
59 3867
731 3868
914 3869
55 3870
513 3871
107 3872
1 3873
7 3873
378 3874
342 3874
4 3875
431 3876
240 3877
267 3878
107 3878
332 3879
72 3880
106 3880
430 3881
122 3882
577 3882
339 3883
378 3884
171 3885
507 3885
241 3885
430 3885
365 3886
976 3887
1 3888
307 3889
122 3890
189 3891
56 3892
632 3892
47 3893
123 3894
3 3894
976 3895
22 3896
332 3897
740 3898
741 3898
743 3899
200 3900
201 3900
876 3901
619 3902
4 3902
17 3902
431 3903
983 3904
742 3905
123 3906
171 3907
703 3908
341 3909
30 3910
196 3910
579 3911
534 3912
965 3912
434 3913
11 3914
5 3915
888 3916
1 3917
49 3918
327 3918
267 3919
339 3920
87 3921
6 3922
60 3923
178 3924
556 3924
430 3924
892 3925
2 3926
501 3927
939 3927
431 3928
190 3929
125 3930
743 3930
320 3930
29 3931
122 3932
425 3933
320 3933
182 3934
744 3934
59 3935
125 3935
2 3936
980 3937
332 3938
892 3939
36 3939
314 3940
123 3941
986 3942
0 3943
314 3944
9 3945
648 3946
267 3947
3 3948
12 3949
985 3950
2 3951
123 3952
731 3953
130 3954
9 3955
48 3955
314 3956
71 3957
2 3958
2 3959
751 3960
34 3961
430 3962
29 3962
556 3962
923 3963
421 3964
126 3965
128 3966
71 3967
41 3968
13 3968
365 3969
995 3970
78 3971
122 3972
123 3973
927 3974
919 3975
66 3976
4 3976
193 3977
889 3978
107 3978
35 3979
9 3980
246 3980
71 3981
9 3981
995 3982
7 3982
435 3983
37 3983
428 3984
268 3985
61 3985
306 3986
12 3986
48 3987
130 3988
571 3988
11 3988
433 3989
66 3990
4 3990
124 3991
123 3991
37 3992
15 3992
29 3993
976 3994
534 3995
530 3995
0 3995
0 3996
5 3996
91 3997
745 3997
0 3998
568 3999
314 4000
127 4001
240 4002
10 4003
71 4004
433 4005
71 4006
59 4007
29 4007
339 4008
48 4009
313 4010
41 4010
29 4011
326 4012
331 4013
313 4014
41 4014
13 4014
17 4015
1 4016
122 4017
3 4018
82 4019
1 4020
7 4020
87 4021
608 4022
1 4022
746 4023
426 4024
211 4024
38 4025
995 4025
36 4025
73 4026
911 4027
7 4028
11 4029
25 4029
246 4030
747 4031
13 4031
229 4032
314 4033
90 4034
34 4034
299 4034
83 4035
123 4036
177 4036
2 4037
33 4038
322 4039
976 4040
434 4041
2 4042
73 4043
92 4044
192 4045
2 4046
568 4046
47 4047
75 4048
339 4049
122 4049
48 4050
722 4051
748 4052
749 4052
35 4053
566 4053
246 4054
244 4055
0 4056
314 4057
9 4058
71 4059
748 4060
754 4061
123 4062
0 4063
0 4064
36 4065
38 4065
326 4066
327 4066
986 4067
361 4068
750 4069
132 4069
3 4070
2 4071
23 4071
433 4072
107 4073
179 4074
61 4074
421 4075
966 4076
432 4077
436 4078
9 4078
7 4078
22 4079
751 4079
23 4080
222 4081
134 4082
24 4083
337 4083
56 4084
90 4085
536 4086
245 4087
15 4087
577 4088
888 4089
122 4090
41 4091
722 4092
1 4093
986 4094
425 4095
37 4095
744 4096
47 4097
752 4097
239 4097
123 4098
632 4099
56 4099
914 4100
437 4101
438 4101
753 4101
11 4102
587 4103
78 4104
125 4105
16 4106
439 4107
105 4107
434 4107
729 4108
123 4108
234 4109
7 4110
314 4111
174 4112
92 4113
211 4114
332 4115
8 4116
107 4117
98 4118
126 4119
2 4120
927 4121
314 4121
412 4122
12 4123
33 4124
246 4125
991 4126
320 4127
366 4128
754 4129
0 4130
45 4130
0 4131
247 4132
83 4133
78 4134
11 4135
25 4135
73 4136
937 4137
787 4137
253 4138
519 4139
95 4140
151 4141
20 4142
768 4143
109 4144
458 4145
458 4146
938 4147
250 4148
626 4149
755 4150
215 4151
20 4152
20 4153
600 4154
96 4155
756 4156
160 4157
384 4158
461 4159
757 4160
109 4161
830 4162
440 4162
375 4163
376 4163
377 4164
440 4165
248 4166
20 4167
451 4168
440 4169
248 4170
758 4170
459 4171
441 4172
442 4172
443 4172
805 4173
108 4173
577 4174
20 4175
57 4176
995 4177
760 4178
759 4179
760 4179
459 4180
761 4181
444 4182
451 4183
805 4184
45 4185
499 4186
445 4187
152 4188
762 4188
763 4188
344 4189
27 4190
764 4190
296 4191
957 4192
459 4193
455 4194
444 4195
772 4196
57 4197
818 4198
151 4199
772 4200
943 4201
20 4201
249 4202
250 4203
765 4204
766 4204
251 4204
446 4205
447 4205
653 4206
275 4207
110 4207
653 4208
448 4209
459 4210
382 4211
552 4212
20 4213
767 4214
768 4214
804 4215
151 4215
252 4216
309 4216
151 4217
45 4218
788 4219
653 4220
81 4220
45 4221
57 4222
252 4223
829 4224
57 4225
109 4226
459 4227
108 4228
635 4229
377 4230
160 4231
253 4232
818 4233
251 4234
344 4235
384 4236
769 4236
296 4237
621 4238
20 4239
20 4240
151 4241
110 4242
20 4243
612 4244
20 4245
376 4246
109 4247
95 4248
635 4249
20 4250
20 4251
377 4252
253 4253
626 4254
252 4255
769 4256
770 4256
151 4257
250 4258
771 4259
772 4259
376 4260
444 4261
773 4262
384 4263
109 4264
109 4265
958 4266
151 4267
252 4268
769 4269
441 4270
442 4270
443 4270
635 4271
109 4272
9 4273
71 4273
309 4274
64 4275
109 4276
20 4277
253 4278
9 4279
20 4280
45 4281
774 4282
109 4283
449 4284
20 4285
968 4286
450 4287
775 4287
904 4288
501 4288
804 4289
20 4290
150 4290
27 4291
377 4292
60 4293
376 4294
783 4295
811 4295
980 4296
943 4297
20 4297
444 4298
866 4299
938 4299
707 4299
99 4300
151 4301
987 4302
108 4302
57 4303
450 4304
251 4305
248 4306
758 4306
776 4307
777 4307
778 4307
805 4308
759 4309
461 4310
1003 4311
805 4312
27 4313
253 4314
987 4315
108 4315
788 4316
779 4317
451 4318
205 4319
253 4320
830 4321
440 4321
109 4322
110 4323
780 4324
57 4324
109 4325
20 4326
384 4327
110 4328
277 4329
384 4330
250 4331
151 4332
376 4333
687 4334
781 4335
109 4336
444 4337
20 4338
782 4339
237 4340
57 4341
20 4341
27 4342
783 4343
784 4344
785 4344
110 4345
109 4346
62 4347
1033 4348
957 4349
805 4350
459 4351
577 4352
829 4353
607 4354
11 4354
651 4355
786 4356
787 4356
959 4357
108 4358
607 4359
152 4360
244 4360
252 4361
20 4362
788 4363
789 4363
957 4364
958 4364
790 4365
20 4365
992 4366
20 4367
309 4368
444 4369
452 4370
769 4371
20 4372
665 4373
275 4374
453 4375
791 4375
382 4376
99 4376
454 4377
455 4377
109 4378
248 4379
805 4380
376 4381
109 4382
456 4383
989 4384
329 4385
792 4385
451 4386
600 4387
253 4388
793 4389
151 4390
794 4391
795 4391
57 4391
796 4391
797 4391
1012 4392
225 4393
454 4394
57 4395
780 4395
57 4396
99 4397
780 4398
987 4399
108 4399
110 4400
252 4401
626 4402
904 4403
798 4404
799 4404
57 4405
938 4406
45 4407
444 4408
769 4408
1 4409
27 4410
373 4411
800 4411
109 4412
110 4413
448 4414
979 4415
27 4416
209 4416
32 4417
801 4418
802 4418
20 4419
202 4420
769 4421
20 4422
0 4423
20 4424
109 4425
458 4426
244 4427
20 4428
20 4429
383 4430
109 4431
20 4432
284 4433
60 4434
968 4435
960 4435
57 4436
64 4437
119 4438
292 4438
120 4438
309 4439
375 4440
376 4440
151 4441
250 4442
46 4443
202 4443
457 4444
959 4445
384 4445
979 4446
612 4447
5 4448
45 4449
148 4450
147 4450
109 4451
110 4452
110 4453
803 4454
57 4454
454 4455
455 4455
987 4456
938 4456
108 4456
237 4456
309 4457
99 4458
987 4459
108 4459
56 4460
98 4460
253 4461
2 4462
451 4463
20 4464
250 4465
626 4466
196 4467
600 4468
109 4469
20 4470
804 4471
805 4472
238 4473
96 4474
249 4475
980 4476
57 4477
789 4477
56 4478
248 4479
1005 4480
250 4481
20 4482
376 4483
110 4484
938 4485
943 4486
20 4486
386 4487
772 4488
253 4489
151 4489
20 4490
783 4491
787 4491
109 4492
96 4493
374 4494
284 4495
248 4496
804 4497
151 4497
252 4498
254 4499
804 4500
769 4501
68 4502
799 4503
957 4504
57 4505
109 4506
375 4507
151 4508
805 4508
923 4509
957 4510
447 4511
446 4511
769 4512
376 4513
634 4514
376 4515
45 4516
377 4517
144 4517
20 4518
1005 4519
653 4520
81 4520
109 4521
384 4522
253 4523
804 4524
45 4525
384 4526
780 4527
980 4528
760 4529
57 4530
769 4530
284 4531
806 4532
687 4533
957 4534
807 4535
653 4536
81 4536
62 4537
45 4538
451 4539
64 4540
20 4540
384 4541
384 4542
445 4543
808 4543
248 4544
809 4544
20 4545
938 4545
20 4546
272 4547
108 4548
458 4549
601 4550
377 4550
810 4551
205 4551
444 4552
804 4553
284 4554
995 4555
942 4555
959 4556
109 4557
309 4558
676 4559
811 4560
20 4561
72 4562
6 4563
376 4563
377 4564
252 4565
20 4566
384 4567
110 4568
151 4569
110 4570
459 4571
812 4572
813 4572
251 4573
56 4574
1012 4575
997 4576
254 4577
377 4578
27 4579
151 4580
284 4581
814 4582
957 4583
444 4584
255 4585
815 4586
108 4586
109 4587
816 4588
95 4588
20 4589
277 4590
110 4591
874 4592
110 4593
252 4594
128 4594
250 4595
938 4596
141 4597
817 4598
253 4599
454 4600
455 4600
248 4601
458 4602
818 4603
665 4604
780 4605
56 4606
98 4606
444 4607
957 4608
830 4609
27 4609
830 4610
440 4610
376 4611
455 4612
132 4613
20 4613
7 4614
444 4615
973 4616
253 4617
250 4618
151 4619
252 4620
20 4621
250 4622
533 4623
27 4624
20 4625
445 4626
459 4627
376 4628
444 4629
57 4630
238 4631
152 4632
762 4632
763 4632
375 4633
250 4634
456 4635
253 4636
788 4637
192 4638
957 4639
454 4640
455 4640
151 4641
20 4642
501 4643
460 4644
253 4645
81 4646
653 4646
284 4647
612 4648
377 4649
20 4650
376 4651
377 4652
144 4652
20 4653
637 4654
57 4655
237 4656
819 4656
461 4657
440 4658
376 4659
449 4660
444 4661
1022 4662
820 4663
144 4664
377 4664
371 4664
126 4664
821 4664
372 4664
20 4665
456 4666
376 4667
822 4668
450 4668
825 4669
20 4669
987 4670
108 4670
152 4671
813 4672
823 4673
57 4673
20 4674
805 4675
444 4676
824 4677
109 4678
635 4679
769 4680
309 4680
825 4681
20 4681
57 4682
452 4683
253 4684
769 4684
902 4685
899 4686
251 4687
141 4688
109 4689
253 4690
980 4691
110 4692
460 4693
462 4694
23 4694
92 4695
463 4696
464 4696
465 4696
110 4697
20 4698
826 4699
776 4700
20 4701
384 4702
249 4703
444 4703
20 4704
827 4705
828 4705
938 4706
20 4706
99 4707
577 4708
886 4709
829 4710
109 4711
830 4712
376 4713
440 4714
830 4714
445 4715
987 4716
108 4716
459 4717
653 4718
20 4719
831 4719
998 4720
56 4720
250 4721
249 4722
832 4722
833 4722
834 4723
170 4724
137 4725
835 4726
43 4727
45 4728
1019 4729
112 4730
836 4731
45 4732
485 4733
260 4734
293 4735
153 4736
903 4737
466 4738
881 4739
837 4740
24 4741
45 4742
473 4743
258 4744
467 4745
876 4746
28 4747
858 4748
488 4749
883 4749
45 4750
1013 4751
54 4752
19 4753
256 4753
355 4753
259 4754
198 4755
877 4756
257 4757
19 4758
919 4759
902 4760
468 4761
52 4761
838 4762
839 4762
86 4763
139 4764
136 4765
156 4766
258 4767
142 4768
42 4768
37 4769
199 4770
469 4771
469 4772
834 4773
250 4774
1033 4775
840 4776
45 4776
259 4777
470 4778
471 4778
113 4779
862 4780
31 4780
876 4781
153 4782
28 4783
154 4784
487 4785
469 4786
19 4787
217 4788
139 4789
879 4790
142 4791
18 4792
94 4793
477 4794
45 4795
1007 4796
842 4797
469 4798
190 4799
877 4800
31 4800
357 4801
86 4802
31 4803
841 4804
243 4805
523 4806
31 4807
1038 4808
516 4809
86 4809
1039 4810
112 4810
44 4811
450 4812
813 4813
858 4814
360 4815
225 4816
398 4816
256 4817
852 4818
472 4819
28 4819
842 4820
843 4820
473 4821
293 4822
199 4823
844 4824
155 4824
10 4825
1002 4826
112 4827
860 4828
685 4829
387 4830
476 4830
200 4831
391 4832
845 4833
392 4834
260 4835
527 4836
31 4837
846 4838
847 4838
19 4839
432 4840
86 4841
477 4842
94 4843
665 4844
848 4845
518 4846
1013 4847
267 4848
839 4849
142 4850
155 4851
685 4852
293 4853
474 4854
260 4855
43 4856
217 4857
1026 4858
201 4859
853 4860
43 4861
849 4862
19 4863
469 4864
54 4865
1025 4866
153 4867
850 4867
5 4868
28 4869
156 4870
199 4871
469 4872
217 4873
43 4874
851 4875
315 4876
257 4877
861 4878
11 4879
260 4880
19 4881
58 4882
44 4882
1007 4883
68 4884
599 4885
207 4886
45 4887
1012 4888
45 4889
155 4890
516 4891
14 4891
74 4892
18 4893
93 4893
1026 4894
31 4895
32 4896
225 4897
357 4898
19 4899
136 4899
488 4900
883 4900
277 4901
656 4902
14 4903
259 4904
468 4905
1012 4906
261 4907
450 4908
1018 4909
475 4910
45 4911
868 4912
852 4913
155 4914
872 4915
490 4916
258 4916
861 4917
521 4918
853 4919
198 4920
854 4921
469 4922
304 4923
150 4924
262 4925
485 4926
141 4927
1010 4928
468 4929
1007 4930
811 4931
473 4932
14 4933
54 4934
1001 4935
54 4936
27 4937
850 4938
260 4939
126 4940
258 4940
773 4941
476 4942
387 4942
43 4943
155 4944
902 4945
357 4946
260 4947
480 4948
855 4949
856 4950
523 4951
516 4952
878 4953
468 4954
1007 4955
262 4956
0 4957
857 4958
477 4959
834 4960
198 4961
31 4962
260 4963
480 4964
377 4965
1007 4966
468 4967
28 4968
155 4969
11 4970
45 4971
902 4972
142 4973
474 4974
263 4975
478 4975
45 4976
486 4977
1007 4978
857 4979
665 4980
1031 4981
897 4982
259 4983
257 4984
692 4985
86 4986
154 4987
858 4988
52 4989
200 4990
43 4991
19 4992
19 4993
612 4994
1007 4995
859 4996
860 4996
111 4997
877 4998
861 4999
606 5000
356 5001
479 5002
497 5003
862 5004
31 5004
1011 5005
871 5006
19 5007
18 5008
43 5009
225 5010
1020 5011
509 5012
1008 5013
1009 5013
858 5014
1025 5015
877 5016
879 5017
1020 5018
1019 5018
1038 5019
480 5020
1009 5021
567 5022
481 5023
1038 5024
486 5025
304 5026
151 5027
111 5028
225 5029
0 5030
138 5031
161 5032
523 5033
488 5034
883 5034
485 5035
876 5036
263 5037
877 5038
31 5038
482 5039
485 5040
111 5041
199 5042
641 5043
858 5044
863 5045
111 5046
479 5047
841 5048
518 5049
468 5050
19 5051
45 5052
258 5053
266 5054
94 5055
516 5056
482 5057
880 5058
1014 5059
19 5059
217 5060
207 5061
154 5062
74 5062
488 5063
1011 5064
864 5065
112 5066
490 5067
258 5067
1027 5068
137 5069
486 5070
259 5071
360 5072
1031 5073
64 5074
156 5075
112 5076
473 5077
156 5078
783 5079
787 5079
257 5080
112 5081
1024 5082
264 5083
483 5083
346 5084
1007 5085
902 5086
113 5087
304 5088
1038 5089
287 5090
257 5091
94 5092
19 5093
1014 5093
237 5094
108 5094
883 5095
999 5096
31 5097
1036 5098
516 5099
28 5100
656 5101
865 5102
710 5103
991 5104
993 5105
28 5106
19 5107
878 5108
93 5109
902 5110
710 5111
14 5112
879 5113
260 5114
83 5115
142 5116
42 5116
484 5117
14 5118
516 5118
19 5118
113 5119
31 5120
1032 5121
453 5122
866 5122
538 5123
94 5124
622 5125
685 5126
45 5127
1022 5128
14 5129
258 5130
14 5131
1014 5132
867 5133
868 5133
488 5134
883 5134
14 5135
450 5136
813 5136
161 5137
869 5138
104 5139
488 5140
863 5141
1012 5142
19 5143
606 5143
153 5144
258 5145
111 5146
257 5147
473 5148
14 5149
1035 5150
1011 5151
778 5152
1007 5153
478 5154
64 5155
416 5155
44 5156
260 5157
872 5158
527 5159
518 5160
31 5161
870 5162
19 5163
304 5164
787 5165
783 5165
477 5166
612 5167
877 5167
31 5167
0 5168
871 5169
260 5170
156 5171
872 5172
155 5173
873 5174
64 5175
872 5176
874 5177
826 5178
58 5179
44 5179
485 5180
14 5181
902 5182
999 5183
852 5184
468 5185
137 5185
42 5185
470 5185
516 5186
14 5186
19 5187
844 5188
155 5188
225 5189
19 5190
217 5191
0 5192
860 5193
170 5194
71 5195
9 5195
596 5196
155 5197
18 5198
1007 5199
304 5200
875 5201
879 5202
58 5203
44 5203
379 5204
217 5205
482 5206
849 5206
266 5207
43 5207
156 5208
54 5209
161 5210
14 5211
28 5212
265 5213
360 5214
111 5214
31 5215
879 5216
285 5217
876 5218
28 5219
1007 5220
486 5221
879 5222
527 5223
74 5224
43 5224
477 5225
257 5226
137 5227
1021 5228
523 5229
1007 5230
1033 5231
496 5232
497 5232
864 5233
31 5234
469 5235
605 5236
432 5237
597 5238
1025 5239
349 5240
593 5240
485 5241
509 5242
488 5243
883 5243
606 5244
1007 5245
877 5246
509 5247
512 5248
112 5249
596 5250
878 5251
74 5252
266 5253
74 5253
142 5254
42 5254
217 5255
883 5256
879 5257
872 5258
1026 5259
879 5260
111 5261
360 5261
257 5262
880 5263
26 5264
469 5265
871 5266
1008 5267
470 5268
471 5268
285 5269
139 5270
516 5271
14 5271
485 5272
969 5273
603 5274
86 5275
345 5276
881 5277
1030 5278
882 5279
266 5279
74 5279
355 5280
19 5280
9 5281
872 5282
14 5283
487 5284
31 5284
488 5285
883 5285
516 5286
14 5286
878 5287
497 5288
516 5289
14 5289
325 5290
860 5291
7 5292
28 5293
990 5294
489 5295
267 5295
562 5296
123 5297
75 5298
47 5299
268 5300
48 5301
75 5302
922 5303
126 5304
125 5304
258 5305
38 5306
295 5306
363 5307
25 5307
432 5308
119 5309
884 5309
432 5309
120 5309
28 5310
75 5311
214 5312
126 5313
125 5313
627 5314
243 5315
1 5316
107 5317
495 5318
211 5319
58 5320
44 5320
490 5321
258 5321
126 5322
28 5323
87 5324
475 5324
892 5325
268 5326
267 5326
890 5327
267 5328
25 5329
313 5330
41 5330
13 5330
58 5331
44 5331
3 5332
986 5333
1 5334
268 5334
28 5335
107 5336
493 5337
267 5337
885 5338
28 5339
89 5340
75 5340
627 5341
107 5341
431 5342
107 5342
2 5343
105 5344
41 5344
13 5344
504 5345
4 5345
126 5346
125 5346
8 5347
342 5348
891 5348
489 5349
267 5349
891 5350
885 5351
22 5352
126 5353
40 5354
38 5355
475 5356
126 5357
125 5357
886 5358
13 5358
58 5359
44 5359
627 5360
51 5361
8 5361
17 5361
75 5362
890 5363
421 5364
2 5365
126 5366
28 5367
495 5368
627 5369
495 5370
38 5371
83 5372
986 5372
587 5373
491 5374
986 5375
986 5376
267 5377
83 5378
986 5378
885 5379
887 5380
587 5381
627 5382
491 5383
240 5383
12 5383
268 5384
75 5385
2 5386
119 5387
432 5387
120 5387
492 5388
890 5389
892 5390
916 5391
122 5392
889 5393
267 5393
107 5393
493 5394
75 5395
211 5396
313 5397
41 5397
890 5398
267 5399
89 5400
339 5401
149 5402
16 5403
83 5404
986 5404
472 5405
267 5406
489 5407
267 5407
906 5408
361 5409
320 5410
38 5411
397 5412
888 5412
38 5413
28 5414
37 5415
431 5415
75 5416
38 5417
295 5417
83 5418
28 5419
234 5420
17 5420
285 5421
75 5422
941 5423
432 5424
83 5425
986 5425
320 5426
986 5427
75 5428
75 5429
493 5430
267 5430
28 5431
2 5432
211 5433
267 5434
213 5435
889 5436
107 5436
126 5437
107 5437
268 5438
229 5439
73 5440
5 5441
58 5442
44 5442
493 5443
75 5444
722 5445
889 5446
107 5446
890 5447
44 5448
24 5449
70 5450
25 5451
313 5452
13 5452
695 5453
694 5453
38 5454
126 5455
70 5456
267 5457
494 5458
313 5459
1 5460
246 5461
2 5462
267 5463
395 5464
155 5465
126 5466
587 5467
28 5468
75 5469
268 5470
90 5471
29 5472
84 5473
214 5474
472 5475
332 5476
89 5477
320 5478
88 5479
12 5480
399 5481
75 5482
891 5483
313 5484
13 5484
107 5485
28 5486
490 5487
258 5487
268 5488
495 5489
889 5490
107 5490
83 5491
313 5492
50 5492
83 5493
267 5494
107 5494
12 5494
990 5495
70 5496
75 5497
13 5498
51 5499
8 5499
126 5500
89 5501
75 5501
991 5502
986 5503
492 5504
83 5505
75 5506
89 5507
75 5507
58 5508
44 5508
25 5509
885 5510
28 5511
495 5512
89 5512
492 5513
89 5513
185 5514
83 5515
627 5516
361 5516
397 5517
268 5518
892 5519
61 5519
295 5520
267 5521
28 5522
70 5523
885 5524
433 5525
38 5526
295 5526
83 5527
986 5527
8 5528
283 5528
127 5529
267 5530
577 5531
126 5532
1 5533
267 5534
44 5535
38 5536
295 5536
180 5537
13 5537
126 5538
125 5538
587 5539
494 5540
83 5540
123 5541
492 5542
9 5543
71 5543
246 5543
12 5544
268 5545
432 5546
313 5547
13 5547
475 5548
1 5549
268 5549
28 5550
886 5551
267 5552
11 5553
267 5554
107 5554
990 5555
885 5555
28 5556
2 5557
3 5558
912 5558
268 5559
89 5560
75 5560
75 5561
986 5562
893 5563
695 5564
320 5565
83 5566
893 5566
986 5567
84 5568
966 5569
107 5570
2 5571
986 5572
213 5573
493 5574
267 5574
495 5575
89 5575
58 5576
44 5576
12 5577
58 5578
44 5578
894 5579
267 5580
5 5581
363 5582
25 5582
38 5583
295 5583
185 5584
84 5584
884 5585
432 5585
73 5586
25 5587
267 5588
587 5589
75 5590
83 5591
431 5592
391 5593
493 5594
267 5594
267 5595
83 5596
3 5597
88 5598
3 5598
75 5599
75 5600
405 5601
725 5602
37 5602
986 5603
891 5604
28 5605
491 5606
240 5606
12 5606
399 5607
28 5608
495 5608
126 5609
2 5610
29 5611
28 5612
126 5613
892 5614
268 5615
268 5616
361 5616
89 5617
75 5617
90 5618
267 5619
269 5620
895 5621
895 5622
269 5623
113 5624
26 5625
607 5626
896 5627
269 5628
301 5629
76 5630
902 5631
271 5632
113 5633
896 5634
414 5635
1019 5635
269 5636
896 5637
897 5638
26 5639
830 5640
26 5640
26 5641
896 5642
113 5643
76 5644
896 5645
499 5646
113 5647
901 5648
3 5649
269 5649
26 5650
65 5651
898 5652
26 5653
113 5654
141 5655
269 5656
26 5657
113 5658
269 5659
270 5660
896 5661
898 5662
26 5662
65 5663
26 5664
895 5665
896 5666
301 5667
496 5668
497 5668
26 5669
423 5670
900 5671
269 5672
26 5673
269 5674
26 5675
269 5676
607 5677
896 5678
782 5679
900 5680
113 5681
301 5682
65 5683
76 5684
269 5685
113 5685
113 5686
899 5687
896 5688
900 5689
113 5690
896 5691
896 5692
26 5693
26 5694
76 5695
782 5696
414 5697
896 5698
1019 5699
414 5699
414 5700
376 5701
65 5702
414 5703
269 5704
901 5705
65 5706
269 5707
65 5708
896 5709
76 5710
271 5711
905 5712
896 5713
896 5714
498 5715
26 5716
898 5717
301 5718
530 5719
10 5720
902 5721
76 5722
76 5723
113 5724
26 5725
902 5726
271 5727
414 5728
113 5729
113 5730
902 5731
27 5732
271 5733
167 5734
896 5735
904 5736
902 5737
26 5738
895 5739
897 5740
896 5741
269 5742
896 5743
270 5744
376 5745
896 5746
271 5747
830 5748
65 5749
376 5750
271 5751
93 5752
902 5753
76 5754
903 5755
270 5756
269 5757
113 5758
896 5759
76 5760
26 5760
498 5761
499 5762
45 5763
898 5764
269 5765
26 5766
301 5767
414 5768
76 5769
270 5770
197 5771
65 5772
270 5773
782 5774
26 5775
440 5776
498 5777
904 5778
26 5779
269 5780
440 5781
26 5781
902 5782
895 5783
27 5784
830 5785
440 5785
440 5786
26 5787
301 5788
269 5789
271 5790
301 5791
76 5792
903 5792
26 5793
423 5794
683 5795
27 5796
782 5797
903 5798
607 5799
26 5800
65 5801
899 5802
138 5803
500 5803
301 5804
26 5805
896 5806
26 5807
440 5807
8 5808
113 5809
26 5810
269 5811
376 5812
902 5812
376 5813
113 5814
269 5815
414 5816
26 5817
414 5818
414 5819
1019 5819
899 5820
904 5821
26 5822
414 5823
113 5824
895 5825
26 5826
269 5827
499 5828
376 5829
269 5830
499 5831
113 5832
683 5833
201 5833
271 5834
167 5835
76 5836
301 5837
905 5838
26 5839
62 5840
991 5841
741 5842
129 5842
29 5843
47 5843
162 5844
174 5845
323 5846
55 5846
9 5847
314 5848
193 5849
505 5850
367 5851
189 5852
247 5853
696 5854
125 5855
644 5855
55 5856
564 5857
90 5857
376 5858
313 5859
13 5859
33 5860
48 5860
922 5861
335 5862
723 5862
189 5862
313 5863
35 5864
39 5865
186 5866
1 5867
3 5867
6 5868
33 5868
107 5869
72 5870
193 5871
273 5872
733 5873
431 5874
274 5875
6 5876
954 5876
33 5876
314 5877
25 5878
323 5879
55 5879
314 5880
23 5881
2 5882
568 5882
317 5883
1 5884
0 5885
55 5886
17 5887
939 5888
501 5888
62 5889
209 5890
0 5891
84 5892
222 5893
22 5894
751 5894
7 5895
312 5896
1 5897
240 5898
35 5899
695 5900
906 5901
425 5902
211 5903
0 5904
6 5904
739 5905
35 5906
55 5907
421 5908
917 5909
7 5910
63 5911
10 5912
240 5913
28 5914
7 5915
924 5916
7 5917
439 5918
51 5919
245 5920
15 5920
332 5921
3 5922
97 5922
15 5923
15 5924
192 5925
131 5925
590 5926
343 5926
423 5927
128 5928
917 5929
918 5929
907 5930
62 5931
36 5932
179 5932
61 5932
926 5933
843 5934
2 5935
189 5936
11 5937
33 5937
35 5938
13 5939
696 5940
92 5941
721 5942
56 5943
560 5944
52 5945
40 5945
433 5946
55 5947
965 5948
588 5949
589 5949
132 5950
55 5951
219 5952
7 5952
70 5953
3 5954
60 5955
87 5955
0 5956
722 5957
208 5958
843 5959
295 5960
609 5961
40 5962
131 5963
6 5964
7 5964
55 5965
961 5965
127 5966
927 5967
317 5968
29 5968
927 5969
72 5970
425 5971
10 5972
5 5973
88 5974
193 5975
15 5976
742 5977
48 5978
51 5978
723 5979
754 5979
48 5980
436 5981
7 5981
339 5982
888 5983
62 5984
308 5985
192 5986
584 5987
501 5988
131 5989
927 5990
533 5991
2 5992
513 5993
56 5994
191 5995
12 5996
1 5997
917 5998
918 5998
528 5999
35 6000
314 6001
2 6002
2 6003
23 6003
56 6004
63 6005
302 6006
927 6007
211 6008
242 6009
11 6010
511 6011
47 6012
1 6013
722 6014
105 6015
1 6015
41 6015
13 6015
927 6016
10 6017
429 6018
15 6019
102 6020
246 6021
186 6022
768 6022
11 6023
44 6024
218 6025
193 6026
582 6027
426 6028
56 6028
98 6028
744 6029
425 6030
7 6031
975 6032
722 6033
314 6034
39 6035
0 6036
735 6037
326 6037
581 6038
62 6039
16 6040
505 6041
71 6042
30 6043
412 6044
22 6044
3 6044
11 6045
33 6046
63 6047
15 6047
157 6048
380 6048
560 6049
209 6050
80 6051
533 6052
246 6052
746 6053
515 6054
72 6055
173 6056
172 6056
908 6057
234 6058
7 6059
333 6060
334 6060
921 6061
751 6062
258 6063
33 6064
48 6064
586 6065
2 6066
892 6066
25 6067
48 6068
9 6068
6 6069
191 6070
191 6071
298 6072
339 6073
564 6074
534 6075
0 6075
530 6075
127 6076
30 6077
950 6077
55 6078
501 6079
23 6080
186 6080
58 6081
44 6081
433 6082
35 6083
179 6084
624 6085
129 6086
507 6086
430 6086
0 6087
4 6088
888 6089
493 6090
85 6091
431 6092
0 6093
129 6094
592 6095
644 6095
890 6096
103 6097
69 6097
580 6098
12 6098
29 6099
12 6100
25 6101
209 6102
72 6103
584 6104
513 6105
56 6106
909 6107
3 6107
729 6108
123 6108
1 6109
175 6110
995 6111
15 6111
430 6112
1005 6113
566 6114
129 6115
970 6116
69 6117
4 6117
90 6118
754 6119
505 6120
11 6120
2 6121
104 6121
571 6122
51 6123
422 6124
8 6124
122 6125
33 6126
6 6127
33 6127
23 6128
2 6129
939 6130
35 6131
319 6131
25 6132
38 6133
295 6133
314 6134
432 6135
502 6136
299 6137
25 6138
122 6139
504 6140
4 6140
732 6141
729 6142
123 6142
939 6143
501 6143
70 6144
1 6145
88 6146
965 6147
366 6148
4 6149
3 6150
6 6151
33 6151
15 6152
314 6153
503 6154
107 6154
965 6155
40 6156
17 6157
129 6158
910 6159
1 6159
3 6159
283 6160
174 6161
47 6162
965 6163
106 6163
171 6164
433 6164
911 6165
433 6166
587 6167
240 6168
733 6169
314 6170
568 6171
299 6172
906 6173
35 6174
56 6175
0 6176
501 6177
17 6178
564 6179
212 6180
932 6180
423 6181
29 6182
210 6183
501 6184
428 6185
566 6186
97 6187
3 6187
431 6188
313 6189
437 6190
753 6190
127 6191
313 6192
41 6192
913 6193
340 6194
298 6195
11 6196
25 6196
326 6197
49 6197
4 6198
71 6198
433 6199
71 6200
11 6201
332 6202
2 6203
510 6204
504 6205
1 6205
4 6205
37 6206
11 6207
49 6208
9 6209
71 6209
48 6209
298 6210
301 6211
33 6212
11 6212
211 6213
369 6213
127 6214
30 6215
196 6215
11 6216
25 6216
0 6217
401 6217
302 6218
171 6219
240 6219
332 6220
102 6221
51 6222
17 6222
912 6223
429 6224
730 6225
178 6225
430 6225
2 6226
189 6227
15 6228
995 6228
433 6229
70 6230
301 6230
695 6231
258 6231
15 6232
9 6233
7 6233
995 6234
38 6234
429 6234
9 6235
48 6235
326 6236
927 6236
10 6237
314 6238
914 6238
0 6239
33 6240
337 6241
912 6242
209 6243
12 6244
927 6245
530 6246
534 6246
0 6246
29 6247
297 6248
2 6249
332 6250
23 6251
926 6252
586 6253
892 6254
927 6255
98 6256
0 6257
569 6257
11 6258
157 6258
178 6259
191 6259
976 6260
56 6261
56 6262
35 6263
312 6264
72 6265
515 6266
30 6267
950 6267
55 6268
961 6268
511 6269
615 6270
298 6271
4 6272
17 6273
332 6274
32 6275
77 6275
38 6276
295 6276
0 6277
501 6278
71 6279
11 6280
25 6280
927 6281
328 6282
378 6283
913 6283
3 6284
202 6284
8 6285
426 6286
56 6286
56 6287
258 6288
965 6289
72 6289
11 6290
501 6291
25 6292
169 6293
229 6294
33 6295
989 6296
11 6297
193 6298
914 6299
747 6300
433 6301
10 6302
307 6303
740 6304
127 6304
157 6305
45 6306
317 6307
23 6308
729 6309
123 6309
0 6310
90 6310
915 6311
4 6312
17 6312
737 6313
888 6314
5 6315
175 6316
268 6317
8 6318
412 6319
3 6319
5 6320
529 6320
35 6321
9 6322
70 6323
916 6324
131 6325
110 6326
72 6327
513 6328
61 6328
71 6329
215 6330
56 6331
23 6332
2 6333
568 6333
7 6334
412 6335
534 6335
917 6336
918 6336
337 6337
132 6337
0 6338
939 6339
11 6340
37 6341
425 6341
7 6342
72 6343
106 6343
63 6344
15 6344
608 6345
1 6345
0 6346
489 6347
1 6348
314 6349
179 6350
15 6351
5 6352
33 6352
0 6352
33 6353
6 6353
686 6354
181 6355
17 6355
10 6356
995 6356
307 6357
102 6358
888 6359
48 6360
9 6360
4 6361
889 6362
107 6362
47 6363
501 6364
939 6364
700 6365
69 6365
4 6365
965 6366
152 6367
927 6368
433 6369
581 6370
55 6371
186 6372
23 6372
13 6373
888 6374
72 6375
106 6375
103 6376
69 6376
0 6376
2 6377
2 6378
36 6379
8 6380
504 6380
36 6381
23 6382
194 6383
24 6384
47 6385
131 6385
308 6386
647 6387
695 6388
395 6389
919 6389
342 6390
920 6391
25 6392
501 6393
308 6394
25 6395
412 6396
72 6397
49 6398
735 6398
63 6399
941 6400
128 6401
227 6401
141 6402
1 6403
131 6404
965 6405
916 6406
210 6407
70 6408
4 6409
709 6409
647 6410
193 6411
25 6412
30 6413
245 6414
15 6414
580 6415
12 6415
428 6416
194 6416
105 6417
55 6418
308 6419
939 6420
501 6420
179 6421
84 6422
200 6423
335 6424
513 6425
929 6426
888 6427
7 6428
2 6429
104 6429
209 6430
320 6431
579 6432
128 6432
8 6433
47 6434
29 6434
105 6435
41 6435
4 6436
17 6436
314 6437
48 6438
9 6438
533 6439
913 6440
58 6440
343 6440
88 6441
16 6442
186 6443
60 6443
23 6443
191 6444
60 6445
30 6445
192 6446
51 6447
38 6448
295 6448
189 6449
929 6450
191 6451
695 6452
534 6453
0 6453
313 6454
13 6454
40 6455
90 6456
6 6457
247 6458
72 6459
965 6459
313 6460
50 6460
13 6460
11 6461
56 6462
102 6462
55 6463
2 6464
0 6465
307 6466
890 6467
130 6468
830 6469
106 6469
59 6470
1 6471
55 6472
961 6472
299 6473
190 6474
171 6475
36 6476
38 6476
295 6476
33 6477
688 6478
178 6479
430 6479
4 6480
722 6481
1 6482
7 6482
8 6483
222 6484
37 6485
4 6486
22 6487
751 6487
27 6488
240 6489
953 6490
193 6491
975 6492
3 6493
730 6494
178 6494
49 6495
314 6496
15 6497
15 6498
587 6499
4 6500
709 6500
586 6501
976 6502
5 6503
149 6503
6 6504
308 6505
84 6506
92 6507
209 6508
954 6509
41 6509
366 6510
41 6511
13 6511
3 6512
4 6513
431 6514
1005 6515
1 6516
362 6517
143 6517
888 6518
33 6519
102 6520
56 6521
328 6522
923 6523
847 6524
587 6525
192 6526
560 6527
239 6528
268 6529
921 6529
62 6530
433 6531
48 6532
9 6532
3 6532
339 6533
438 6534
437 6534
426 6535
211 6535
369 6535
0 6536
246 6537
84 6538
47 6538
1 6539
30 6540
332 6541
922 6542
608 6543
36 6544
8 6545
34 6546
240 6547
12 6547
939 6548
501 6548
2 6549
125 6550
302 6550
308 6550
4 6551
149 6552
191 6553
339 6554
58 6555
44 6555
62 6556
16 6557
11 6558
363 6559
56 6560
212 6561
6 6562
976 6563
503 6564
50 6564
107 6564
501 6565
1 6566
60 6567
976 6568
40 6569
505 6569
433 6570
986 6571
412 6572
754 6572
335 6573
189 6573
88 6574
80 6575
313 6576
41 6576
13 6576
62 6577
72 6578
48 6579
189 6580
311 6581
673 6582
513 6582
965 6583
586 6584
528 6585
171 6586
380 6587
17 6588
71 6589
584 6590
55 6591
9 6592
171 6593
507 6593
241 6593
430 6593
37 6594
12 6594
436 6595
7 6595
62 6595
33 6596
305 6597
507 6597
585 6597
430 6597
119 6598
302 6599
48 6600
106 6601
9 6602
48 6602
12 6603
122 6604
7 6605
246 6606
38 6607
295 6607
33 6608
619 6609
4 6609
534 6610
0 6610
72 6611
106 6611
156 6612
13 6613
132 6614
188 6614
55 6615
107 6616
193 6617
923 6618
9 6619
314 6620
307 6621
313 6622
193 6623
41 6624
3 6624
925 6625
29 6625
211 6626
307 6627
97 6628
976 6629
435 6630
37 6630
29 6631
739 6632
0 6633
11 6634
25 6634
178 6635
326 6636
327 6636
292 6637
120 6637
2 6638
191 6639
174 6640
924 6641
852 6642
131 6643
171 6644
193 6645
130 6646
339 6647
179 6648
510 6649
0 6650
114 6651
157 6651
965 6652
84 6653
914 6654
55 6655
222 6656
34 6656
433 6657
647 6658
2 6659
192 6660
131 6660
731 6661
615 6662
127 6663
925 6664
98 6665
122 6666
11 6667
38 6668
429 6668
426 6669
56 6669
923 6670
314 6671
427 6672
216 6672
55 6672
0 6673
332 6674
505 6675
12 6676
926 6677
239 6678
587 6679
127 6680
927 6681
555 6682
122 6683
0 6684
6 6685
530 6686
534 6686
0 6686
222 6687
308 6688
506 6689
80 6690
0 6690
334 6691
333 6691
102 6692
0 6693
534 6693
191 6694
131 6695
533 6696
29 6697
177 6697
333 6698
334 6698
750 6698
2 6699
55 6700
321 6701
85 6701
2 6702
105 6702
162 6703
7 6704
71 6705
431 6706
222 6707
0 6708
397 6709
193 6709
3 6710
55 6711
193 6712
71 6713
240 6714
55 6715
302 6716
330 6717
9 6718
51 6719
48 6719
703 6720
12 6721
48 6722
283 6723
49 6724
310 6724
586 6725
11 6726
25 6726
222 6727
250 6727
38 6728
586 6728
34 6729
4 6730
305 6731
56 6732
10 6733
35 6734
976 6735
399 6736
55 6737
90 6738
928 6739
4 6740
929 6741
171 6742
433 6742
0 6743
339 6744
433 6745
56 6746
930 6747
876 6748
63 6749
305 6750
77 6750
172 6751
173 6751
186 6752
953 6753
92 6754
302 6755
125 6755
2 6756
179 6757
323 6758
55 6758
6 6759
331 6760
274 6761
56 6762
191 6763
976 6764
156 6764
47 6765
189 6766
586 6767
7 6767
33 6768
927 6769
729 6770
123 6770
234 6771
17 6771
91 6772
745 6772
939 6773
395 6774
84 6775
12 6775
92 6776
36 6777
61 6777
843 6778
200 6779
342 6780
343 6780
69 6781
4 6781
0 6782
2 6783
568 6783
965 6784
72 6784
339 6785
122 6785
56 6786
196 6787
127 6788
326 6789
10 6790
7 6790
191 6791
571 6792
11 6792
130 6792
491 6793
668 6794
55 6794
193 6795
56 6796
98 6796
127 6797
51 6798
815 6799
56 6800
98 6800
189 6801
422 6802
8 6802
109 6803
334 6804
333 6804
188 6804
48 6805
9 6805
931 6806
502 6806
174 6807
209 6808
123 6809
3 6810
277 6811
55 6812
25 6813
4 6814
33 6815
932 6816
975 6817
0 6818
921 6819
933 6820
15 6821
63 6821
6 6822
33 6822
62 6822
7 6823
175 6823
15 6824
888 6825
513 6826
308 6827
38 6828
754 6829
186 6830
533 6831
194 6832
332 6833
591 6834
1 6835
190 6836
28 6837
313 6838
41 6838
13 6838
331 6839
92 6840
92 6841
9 6842
586 6843
332 6844
11 6845
157 6846
380 6846
308 6847
0 6848
109 6848
241 6849
124 6849
5 6850
45 6850
507 6851
193 6852
107 6853
580 6853
619 6854
4 6854
17 6854
55 6855
11 6856
13 6857
36 6858
61 6859
505 6860
748 6861
123 6862
92 6863
311 6864
5 6865
529 6865
222 6866
584 6867
268 6868
146 6869
1 6870
0 6871
533 6872
7 6873
339 6874
733 6875
709 6876
55 6877
961 6877
9 6878
48 6878
59 6879
299 6879
930 6880
329 6881
273 6881
991 6882
211 6883
571 6884
11 6884
130 6884
952 6885
273 6885
61 6886
513 6886
345 6887
224 6888
392 6888
55 6889
923 6890
33 6891
62 6891
251 6892
20 6893
1020 6894
34 6895
916 6896
162 6897
780 6898
525 6899
934 6900
423 6900
552 6901
501 6902
237 6903
805 6904
976 6905
251 6906
215 6907
637 6908
1004 6909
458 6910
284 6910
8 6911
9 6912
71 6912
825 6913
20 6913
215 6914
904 6915
904 6916
509 6917
250 6918
4 6919
552 6920
376 6921
459 6922
34 6923
20 6924
150 6924
935 6925
102 6925
936 6925
637 6926
17 6927
246 6927
253 6928
102 6929
384 6930
272 6931
45 6932
937 6933
384 6934
55 6935
20 6936
224 6937
376 6938
552 6939
215 6940
776 6941
254 6942
607 6943
912 6944
629 6945
949 6946
124 6947
55 6948
938 6949
96 6949
108 6950
45 6951
376 6951
114 6952
20 6953
110 6953
459 6954
991 6955
818 6956
965 6957
72 6957
384 6958
152 6959
377 6960
372 6960
144 6960
939 6961
501 6961
909 6962
3 6962
288 6963
12 6964
208 6965
912 6966
3 6966
609 6967
830 6968
109 6969
829 6970
3 6971
220 6972
272 6973
940 6974
72 6974
106 6974
61 6975
513 6975
0 6976
0 6977
941 6978
520 6979
995 6980
15 6980
501 6981
27 6982
942 6983
11 6984
942 6985
40 6986
10 6987
7 6987
73 6988
391 6989
157 6990
380 6990
1034 6991
943 6992
20 6992
501 6993
501 6994
102 6994
11 6995
16 6996
773 6997
511 6998
38 6999
109 7000
430 7001
267 7002
507 7003
305 7003
57 7004
255 7005
46 7006
193 7007
939 7008
186 7009
768 7009
387 7010
184 7011
515 7012
944 7013
731 7014
944 7015
106 7016
513 7017
67 7018
56 7019
974 7019
552 7020
419 7021
489 7022
742 7023
254 7024
3 7025
97 7025
128 7026
20 7027
830 7028
440 7028
508 7029
773 7030
281 7031
459 7032
941 7033
11 7034
976 7035
945 7036
151 7037
946 7038
520 7039
109 7040
825 7041
20 7041
384 7042
227 7043
6 7043
33 7043
0 7043
426 7044
189 7045
584 7046
309 7047
20 7048
888 7049
109 7050
384 7051
985 7052
923 7053
529 7054
5 7054
843 7055
988 7056
512 7056
109 7057
587 7058
947 7059
948 7060
226 7061
552 7062
584 7063
78 7064
892 7065
175 7066
253 7067
114 7068
30 7068
991 7069
375 7070
251 7071
855 7072
67 7073
307 7074
376 7075
520 7076
370 7077
6 7077
253 7078
29 7079
631 7080
509 7081
376 7082
377 7083
826 7084
20 7085
228 7086
826 7087
20 7087
55 7088
384 7089
904 7090
3 7091
179 7092
308 7093
151 7094
734 7094
109 7095
1030 7096
534 7097
0 7097
703 7098
159 7099
949 7100
55 7101
607 7102
30 7103
195 7103
950 7103
114 7103
843 7104
711 7104
252 7105
128 7105
73 7106
501 7107
8 7108
106 7109
72 7109
454 7110
250 7111
109 7111
386 7112
224 7113
610 7114
461 7115
520 7116
458 7117
407 7118
109 7119
951 7120
106 7121
965 7121
148 7122
196 7123
375 7124
591 7125
508 7126
191 7127
510 7128
952 7129
273 7129
72 7130
825 7131
20 7131
712 7132
386 7133
72 7134
106 7134
30 7135
953 7136
513 7137
536 7138
4 7139
73 7140
513 7141
954 7142
511 7142
955 7143
30 7144
16 7145
251 7146
56 7147
426 7147
110 7148
124 7149
87 7149
241 7149
461 7150
3 7151
250 7152
20 7153
195 7154
376 7155
0 7156
72 7156
512 7157
275 7158
368 7159
458 7160
607 7161
250 7162
501 7163
40 7164
505 7164
56 7165
55 7166
308 7167
957 7168
457 7169
376 7170
375 7170
169 7171
17 7172
989 7173
62 7174
284 7175
5 7176
529 7176
33 7176
513 7177
956 7178
959 7179
957 7180
958 7180
20 7180
246 7181
220 7182
238 7182
85 7183
923 7184
147 7184
242 7185
665 7186
959 7187
56 7188
98 7188
0 7189
811 7190
130 7191
552 7192
109 7193
215 7194
107 7195
307 7196
45 7197
544 7197
384 7198
501 7199
893 7200
0 7201
884 7202
120 7202
432 7202
422 7203
244 7204
939 7205
215 7206
344 7207
960 7207
501 7208
961 7209
0 7210
5 7210
962 7211
963 7211
964 7212
253 7213
55 7214
108 7215
640 7216
272 7217
45 7218
952 7219
3 7220
973 7221
55 7222
989 7223
375 7224
309 7225
20 7226
376 7227
20 7228
30 7229
195 7229
20 7230
129 7231
20 7232
737 7233
323 7234
55 7234
16 7235
34 7236
509 7237
422 7238
566 7238
501 7239
458 7240
326 7241
20 7242
109 7243
5 7244
587 7245
171 7246
240 7246
952 7247
251 7248
161 7249
69 7250
16 7251
560 7252
0 7253
109 7253
250 7254
46 7255
202 7255
513 7256
974 7257
56 7257
72 7258
97 7259
3 7259
965 7260
254 7261
110 7262
10 7263
55 7264
88 7265
579 7266
128 7266
178 7267
430 7267
222 7268
253 7269
902 7270
804 7271
151 7271
288 7272
219 7273
7 7273
511 7274
48 7275
3 7275
9 7275
150 7276
99 7277
515 7278
647 7279
238 7280
448 7281
56 7282
20 7283
918 7284
510 7285
45 7286
957 7287
252 7288
33 7289
965 7290
384 7291
552 7292
514 7293
66 7294
4 7294
130 7295
131 7296
886 7297
63 7298
966 7298
967 7298
15 7298
20 7299
608 7300
501 7301
109 7302
430 7303
254 7304
339 7305
152 7306
968 7306
68 7307
109 7308
275 7309
607 7310
444 7311
253 7311
23 7312
462 7312
27 7313
272 7314
450 7315
345 7316
975 7317
109 7318
268 7319
10 7320
468 7321
969 7322
546 7323
196 7324
970 7325
196 7326
546 7327
545 7327
33 7328
977 7329
978 7329
185 7330
272 7331
15 7332
902 7333
189 7334
506 7334
55 7335
961 7335
493 7336
489 7336
267 7336
73 7337
375 7338
148 7339
424 7339
253 7340
273 7341
984 7342
455 7343
309 7344
104 7345
72 7346
106 7346
40 7347
965 7348
110 7349
215 7350
971 7351
972 7351
375 7351
973 7351
151 7352
746 7353
56 7354
92 7355
515 7356
943 7357
20 7357
998 7358
56 7358
384 7359
989 7360
363 7361
987 7362
108 7362
92 7363
509 7364
972 7365
830 7366
440 7366
215 7367
20 7368
529 7369
5 7369
972 7370
109 7371
544 7372
459 7373
493 7374
221 7375
109 7376
72 7377
989 7378
157 7379
114 7379
196 7380
171 7381
536 7381
252 7382
128 7382
56 7383
20 7384
118 7385
363 7386
45 7387
209 7388
974 7389
56 7389
991 7390
959 7391
513 7392
973 7393
252 7394
252 7395
110 7396
375 7397
965 7398
283 7399
975 7400
1 7401
6 7402
144 7403
72 7404
805 7405
519 7405
515 7406
501 7406
374 7407
85 7408
321 7408
7 7409
62 7409
284 7410
80 7410
976 7411
102 7412
255 7413
148 7414
148 7415
426 7416
56 7416
98 7416
45 7417
55 7418
10 7419
383 7420
929 7421
977 7422
978 7422
850 7423
377 7424
673 7425
506 7426
1012 7427
64 7428
124 7429
253 7430
979 7431
980 7431
23 7432
186 7432
454 7433
579 7434
60 7435
552 7436
109 7437
887 7438
981 7439
33 7440
6 7441
109 7442
696 7442
61 7443
513 7443
72 7444
109 7445
0 7445
127 7446
754 7447
723 7447
0 7448
73 7449
5 7450
133 7450
982 7450
983 7451
855 7452
162 7453
384 7454
0 7455
501 7456
934 7457
423 7457
668 7458
55 7458
55 7459
995 7460
38 7460
295 7460
984 7461
55 7462
374 7463
941 7464
344 7465
209 7466
7 7467
985 7468
986 7468
773 7469
965 7470
72 7470
253 7471
236 7472
231 7472
242 7473
391 7474
513 7475
267 7476
252 7477
78 7478
987 7479
804 7480
325 7481
152 7482
988 7483
512 7483
56 7484
34 7485
6 7485
776 7486
254 7487
515 7488
995 7489
56 7490
98 7490
11 7491
25 7491
939 7492
989 7493
253 7494
902 7495
56 7496
55 7497
0 7498
607 7499
935 7500
102 7500
990 7501
463 7502
464 7502
465 7502
912 7503
124 7504
501 7505
668 7506
55 7506
109 7507
586 7508
191 7509
131 7510
552 7511
20 7512
200 7513
453 7514
902 7515
127 7516
171 7517
754 7518
723 7518
33 7519
189 7520
109 7521
830 7522
515 7523
991 7524
80 7525
97 7526
3 7526
992 7527
3 7528
458 7529
529 7530
5 7530
812 7531
69 7532
674 7533
46 7534
674 7535
422 7536
162 7537
282 7538
166 7539
0 7540
45 7541
689 7542
313 7543
363 7544
891 7545
569 7546
33 7546
440 7547
26 7547
69 7548
62 7548
168 7549
165 7550
27 7551
764 7551
0 7552
291 7553
11 7554
164 7555
67 7556
549 7557
4 7558
709 7558
0 7559
283 7560
902 7561
158 7562
4 7563
688 7564
641 7564
16 7565
900 7566
347 7566
592 7567
231 7568
232 7568
592 7569
115 7570
222 7571
902 7572
399 7573
64 7574
944 7575
11 7576
25 7576
5 7577
993 7578
994 7578
273 7579
4 7580
709 7580
223 7581
5 7582
33 7582
592 7583
120 7584
1031 7585
230 7586
120 7587
100 7588
654 7588
102 7589
688 7590
5 7591
529 7591
54 7592
27 7593
534 7594
0 7594
0 7595
3 7596
3 7597
511 7598
200 7599
904 7600
358 7601
639 7602
27 7603
18 7604
567 7605
236 7606
363 7607
422 7608
891 7609
109 7610
0 7610
358 7611
221 7612
412 7613
3 7613
167 7614
67 7615
246 7616
689 7617
11 7618
25 7618
16 7619
1020 7620
69 7621
902 7622
549 7623
313 7624
13 7624
200 7625
27 7626
166 7627
995 7628
379 7628
5 7628
567 7629
224 7630
100 7631
6 7632
10 7633
11 7634
1023 7635
32 7636
347 7637
16 7638
69 7639
530 7640
0 7640
902 7641
534 7642
0 7642
166 7643
8 7644
32 7644
412 7645
166 7646
533 7647
4 7648
709 7648
387 7649
530 7650
0 7650
4 7650
534 7650
534 7651
0 7651
902 7652
900 7653
69 7654
830 7655
440 7655
4 7656
118 7657
3 7658
5 7659
529 7659
3 7660
33 7661
592 7662
8 7663
200 7664
72 7665
72 7666
412 7667
3 7667
27 7668
422 7669
146 7670
4 7671
530 7672
534 7672
0 7672
3 7673
945 7674
902 7675
3 7676
674 7677
54 7677
5 7678
69 7678
592 7679
411 7680
45 7681
414 7682
664 7683
195 7684
159 7685
511 7686
159 7687
159 7688
79 7689
101 7690
159 7691
664 7692
414 7693
73 7694
100 7695
101 7696
73 7697
261 7698
468 7699
996 7700
261 7701
92 7702
42 7703
468 7704
485 7705
468 7706
593 7707
156 7708
424 7709
521 7710
837 7711
602 7712
602 7713
1020 7714
1019 7714
468 7715
155 7716
137 7717
137 7718
92 7719
468 7720
42 7721
199 7722
602 7723
603 7724
46 7725
1007 7726
596 7727
977 7728
978 7728
140 7729
304 7730
31 7731
45 7732
622 7733
200 7734
93 7735
95 7736
45 7737
54 7738
516 7739
14 7739
155 7740
207 7741
257 7742
42 7743
43 7744
629 7745
54 7746
1 7747
14 7748
453 7749
54 7750
156 7751
509 7752
58 7753
261 7754
112 7755
31 7756
497 7757
360 7758
872 7759
31 7760
72 7761
45 7762
45 7763
1017 7764
996 7765
860 7766
260 7767
521 7768
416 7769
64 7769
58 7770
44 7770
521 7771
600 7772
19 7773
516 7774
14 7774
43 7775
285 7776
142 7777
997 7778
155 7779
998 7779
304 7780
53 7781
52 7782
54 7783
902 7784
1027 7785
43 7785
142 7786
942 7787
451 7787
42 7788
139 7789
859 7790
265 7791
999 7792
872 7793
710 7794
45 7795
1011 7796
1007 7797
469 7798
207 7799
19 7800
517 7801
155 7802
844 7802
1000 7803
200 7804
1001 7805
357 7806
64 7806
416 7806
650 7807
843 7808
843 7809
258 7810
140 7811
674 7811
527 7812
31 7813
360 7814
86 7815
857 7816
19 7817
606 7817
139 7818
862 7819
847 7819
1032 7820
1033 7820
14 7821
1002 7822
484 7823
1014 7824
142 7824
260 7825
1011 7826
485 7827
31 7828
497 7829
14 7830
1003 7831
521 7832
1004 7833
53 7834
896 7835
521 7836
96 7837
156 7838
54 7839
1031 7840
74 7841
1005 7842
111 7843
612 7844
111 7845
518 7846
1027 7847
43 7847
137 7848
626 7849
45 7850
45 7851
153 7852
170 7853
93 7854
244 7855
597 7855
54 7856
646 7857
516 7858
112 7859
1006 7860
468 7861
161 7862
207 7863
1019 7864
414 7864
137 7865
509 7866
485 7867
1007 7868
527 7869
19 7869
156 7870
45 7871
155 7872
14 7873
519 7874
1003 7875
104 7876
483 7877
264 7877
137 7878
153 7879
19 7880
19 7881
1003 7882
139 7883
516 7884
86 7884
996 7885
156 7886
1035 7887
1008 7888
1009 7888
1010 7889
1011 7890
153 7891
154 7892
1009 7893
995 7894
942 7894
450 7894
1028 7895
54 7896
265 7897
154 7898
45 7899
258 7900
126 7900
991 7901
14 7902
137 7903
1012 7904
462 7904
266 7905
74 7905
43 7905
1013 7906
258 7907
469 7908
1013 7909
262 7910
1014 7911
19 7911
19 7912
136 7912
197 7913
45 7914
19 7915
31 7916
37 7917
52 7918
520 7919
837 7920
476 7921
263 7921
516 7922
14 7922
377 7923
58 7924
44 7924
156 7925
656 7926
858 7927
1015 7928
74 7929
1004 7930
520 7931
1016 7932
521 7933
139 7934
374 7935
27 7936
14 7937
516 7937
600 7938
293 7939
499 7940
64 7940
261 7941
112 7942
597 7943
199 7943
111 7944
360 7945
53 7946
1019 7947
414 7947
871 7948
19 7949
153 7949
14 7949
1007 7950
352 7951
31 7952
1001 7953
156 7954
14 7955
304 7956
137 7957
468 7958
42 7959
74 7960
74 7961
527 7962
841 7963
266 7964
597 7965
156 7966
19 7967
854 7968
93 7969
1016 7970
1017 7971
10 7971
497 7972
93 7973
155 7974
18 7975
521 7976
387 7977
111 7978
595 7979
43 7980
1018 7981
14 7982
360 7983
54 7984
19 7985
516 7986
14 7986
602 7987
603 7987
377 7988
26 7989
19 7990
243 7991
44 7992
1019 7993
414 7993
14 7994
360 7995
45 7996
45 7997
53 7998
467 7999
19 8000
43 8001
111 8002
352 8003
136 8003
496 8004
497 8004
596 8005
52 8006
724 8007
1000 8008
260 8009
876 8010
485 8011
876 8012
154 8013
258 8014
859 8015
716 8016
19 8017
724 8018
200 8019
516 8020
472 8021
274 8022
14 8023
45 8024
142 8025
265 8026
516 8027
14 8027
64 8028
31 8029
14 8030
522 8031
155 8032
111 8033
137 8033
522 8033
847 8034
285 8035
349 8036
991 8037
483 8038
1020 8039
104 8040
14 8041
42 8042
360 8043
43 8044
45 8045
263 8046
142 8047
567 8048
42 8049
42 8050
258 8051
197 8052
112 8053
161 8054
204 8055
257 8056
266 8057
516 8058
14 8058
858 8059
45 8060
392 8061
44 8062
847 8063
14 8064
207 8065
74 8066
468 8067
207 8068
154 8069
19 8070
150 8071
94 8072
857 8073
466 8074
860 8075
387 8076
1021 8077
1003 8078
477 8079
28 8080
217 8081
878 8082
477 8083
64 8084
204 8085
863 8086
724 8087
111 8088
1013 8089
77 8090
304 8091
207 8092
1032 8093
1033 8093
42 8094
58 8095
258 8096
858 8097
304 8098
485 8099
197 8100
665 8101
1022 8102
266 8103
1034 8104
93 8105
1034 8106
470 8107
471 8107
93 8108
1011 8109
259 8110
112 8111
42 8112
868 8113
54 8114
862 8115
31 8115
153 8116
488 8117
883 8117
471 8117
875 8118
153 8119
68 8119
1023 8120
18 8120
358 8120
1021 8121
293 8121
214 8122
469 8123
468 8124
18 8125
139 8126
523 8127
31 8127
1035 8128
682 8129
19 8130
877 8131
31 8131
1007 8132
199 8133
19 8134
258 8134
45 8135
19 8136
14 8136
137 8137
140 8138
271 8139
44 8140
516 8141
14 8141
42 8142
468 8143
256 8144
28 8145
52 8146
86 8147
602 8148
40 8149
872 8150
476 8151
263 8151
1024 8152
487 8153
31 8153
258 8154
497 8155
1007 8156
304 8157
43 8158
674 8159
521 8160
58 8161
44 8161
287 8162
1024 8163
622 8164
523 8165
112 8166
514 8167
480 8168
496 8169
497 8169
54 8170
468 8171
524 8172
480 8173
1025 8173
359 8174
468 8175
1014 8176
468 8177
261 8178
42 8179
1018 8180
1026 8181
43 8182
1007 8183
1008 8184
1009 8184
10 8185
596 8186
274 8187
1027 8188
43 8188
509 8189
518 8190
258 8191
198 8192
53 8193
112 8194
516 8195
112 8196
258 8197
355 8198
14 8199
1014 8200
902 8201
153 8202
481 8203
607 8204
902 8204
520 8205
471 8206
711 8207
516 8208
1000 8209
257 8210
596 8211
93 8212
516 8213
850 8213
266 8214
74 8214
43 8214
198 8215
485 8216
68 8217
479 8218
596 8219
112 8220
488 8221
883 8221
861 8222
45 8223
42 8224
31 8225
112 8226
260 8227
204 8228
597 8229
1038 8230
1028 8231
1029 8231
214 8231
486 8232
1008 8232
1027 8233
43 8233
1018 8234
150 8235
472 8236
14 8237
53 8238
449 8239
600 8239
167 8240
19 8241
154 8242
74 8242
520 8243
155 8243
484 8244
42 8245
11 8246
1030 8247
1021 8248
153 8249
82 8250
14 8251
54 8252
54 8253
256 8254
1031 8255
476 8256
263 8256
1026 8257
884 8257
261 8258
217 8259
1038 8260
264 8261
1007 8262
259 8263
200 8264
153 8265
68 8265
31 8266
31 8267
477 8268
197 8269
1026 8270
500 8271
138 8271
5 8272
529 8272
1032 8273
1033 8273
9 8274
71 8274
1007 8275
1033 8276
225 8277
1034 8278
486 8279
54 8280
147 8281
858 8282
45 8283
516 8284
260 8285
1032 8286
895 8287
93 8288
517 8289
517 8290
45 8291
107 8292
20 8293
293 8294
1008 8295
1009 8295
260 8296
1035 8297
857 8298
356 8298
93 8298
19 8298
14 8299
516 8300
14 8300
485 8301
852 8302
217 8303
14 8304
257 8305
262 8306
1028 8307
137 8308
155 8309
142 8310
94 8311
261 8312
58 8313
44 8313
1036 8314
293 8315
1012 8316
345 8317
94 8318
1037 8319
153 8320
1007 8321
111 8322
14 8323
52 8324
1016 8325
274 8326
902 8327
45 8328
155 8329
468 8330
207 8331
1019 8332
414 8332
155 8333
1038 8334
113 8335
139 8336
479 8337
54 8338
58 8339
137 8340
42 8340
156 8341
470 8342
471 8342
1017 8343
863 8344
111 8345
902 8346
19 8347
14 8347
153 8347
19 8348
256 8348
93 8349
261 8350
304 8351
55 8352
259 8353
487 8354
1005 8354
1039 8355
112 8355
207 8356
879 8357
902 8358
207 8359
262 8360
150 8361
1014 8362
516 8363
14 8363
54 8364
449 8365
1030 8366
142 8367
260 8368
262 8369
142 8370
197 8371
45 8372
877 8373
31 8373
261 8374
518 8375
472 8376
259 8377
519 8378
1026 8379
488 8380
876 8381
1040 8382
198 8383
258 8384
207 8385
