6 0
6 1
6 2
6 3
6 4
6 5
6 6
6 7
6 8
6 9
6 10
6 11
6 12
6 13
6 14
6 15
6 16
6 17
6 18
6 19
6 20
6 21
6 22
6 23
6 24
6 25
6 26
6 27
6 28
6 29
6 30
6 31
6 32
6 33
6 34
6 35
6 36
6 37
6 38
6 39
6 40
6 41
6 42
6 43
6 44
6 45
6 46
6 47
6 48
6 49
6 50
6 51
6 52
6 53
6 54
6 55
6 56
6 57
6 58
6 59
6 60
6 61
6 62
6 63
6 64
6 65
6 66
6 67
6 68
6 69
6 70
6 71
6 72
6 73
6 74
6 75
6 76
6 77
6 78
6 79
6 80
6 81
6 82
6 83
6 84
6 85
6 86
6 87
6 88
6 89
6 90
6 91
6 92
6 93
6 94
6 95
6 96
6 97
6 98
6 99
6 100
6 101
6 102
6 103
6 104
6 105
6 106
6 107
6 108
6 109
6 110
6 111
6 112
6 113
6 114
6 115
6 116
6 117
6 118
6 119
6 120
6 121
6 122
6 123
6 124
6 125
6 126
6 127
6 128
6 129
6 130
6 131
6 132
6 133
6 134
6 135
6 136
6 137
6 138
6 139
6 140
6 141
6 142
6 143
6 144
6 145
6 146
6 147
6 148
6 149
6 150
6 151
6 152
6 153
6 154
6 155
6 156
6 157
6 158
6 159
6 160
6 161
6 162
6 163
6 164
6 165
6 166
6 167
6 168
6 169
6 170
6 171
6 172
6 173
6 174
6 175
6 176
6 177
6 178
6 179
6 180
6 181
6 182
6 183
6 184
6 185
6 186
6 187
6 188
6 189
6 190
6 191
6 192
6 193
6 194
6 195
6 196
6 197
6 198
6 199
6 200
6 201
6 202
6 203
6 204
6 205
6 206
6 207
6 208
6 209
6 210
6 211
6 212
6 213
6 214
6 215
6 216
6 217
6 218
6 219
6 220
6 221
6 222
6 223
6 224
6 225
6 226
6 227
6 228
6 229
6 230
6 231
6 232
6 233
6 234
6 235
6 236
6 237
6 238
6 239
6 240
6 241
6 242
6 243
6 244
6 245
6 246
6 247
6 248
6 249
6 250
6 251
6 252
6 253
6 254
6 255
6 256
6 257
6 258
6 259
6 260
6 261
6 262
6 263
6 264
6 265
6 266
6 267
6 268
6 269
6 270
6 271
6 272
6 273
6 274
6 275
6 276
6 277
6 278
6 279
6 280
6 281
6 282
6 283
6 284
6 285
6 286
6 287
6 288
6 289
6 290
6 291
6 292
6 293
6 294
6 295
6 296
6 297
6 298
6 299
6 300
6 301
6 302
6 303
6 304
6 305
6 306
6 307
6 308
6 309
6 310
6 311
6 312
6 313
6 314
6 315
6 316
6 317
6 318
6 319
6 320
6 321
6 322
6 323
6 324
6 325
6 326
6 327
6 328
6 329
6 330
6 331
6 332
6 333
6 334
6 335
6 336
6 337
6 338
6 339
6 340
6 341
6 342
6 343
6 344
6 345
6 346
6 347
6 348
6 349
6 350
6 351
6 352
6 353
6 354
6 355
6 356
6 357
6 358
6 359
6 360
6 361
6 362
6 363
6 364
6 365
6 366
6 367
6 368
6 369
6 370
6 371
6 372
6 373
6 374
6 375
6 376
6 377
6 378
6 379
6 380
6 381
6 382
6 383
6 384
6 385
6 386
6 387
6 388
6 389
6 390
6 391
6 392
6 393
6 394
6 395
6 396
6 397
6 398
6 399
6 400
6 401
6 402
6 403
6 404
6 405
6 406
6 407
6 408
6 409
6 410
6 411
6 412
6 413
6 414
6 415
6 416
6 417
6 418
6 419
6 420
6 421
6 422
6 423
6 424
6 425
6 426
6 427
6 428
6 429
6 430
6 431
6 432
6 433
6 434
6 435
6 436
6 437
6 438
6 439
6 440
6 441
6 442
6 443
6 444
6 445
6 446
6 447
6 448
6 449
6 450
6 451
6 452
6 453
6 454
6 455
6 456
6 457
6 458
6 459
15 460
15 461
15 462
15 463
15 464
15 465
15 466
15 467
15 468
15 469
15 470
15 471
15 472
15 473
15 474
15 475
15 476
15 477
15 478
15 479
15 480
15 481
15 482
15 483
15 484
15 485
15 486
15 487
15 488
15 489
15 490
15 491
15 492
15 493
15 494
15 495
15 496
15 497
15 498
15 499
15 500
15 501
15 502
15 503
15 504
15 505
15 506
15 507
15 508
15 509
15 510
15 511
15 512
15 513
15 514
15 515
15 516
15 517
15 518
15 519
15 520
15 521
15 522
15 523
15 524
15 525
15 526
15 527
15 528
15 529
15 530
15 531
15 532
15 533
15 534
15 535
15 536
15 537
15 538
15 539
15 540
15 541
15 542
15 543
15 544
15 545
15 546
15 547
15 548
15 549
15 550
15 551
15 552
15 553
15 554
15 555
15 556
15 557
15 558
15 559
15 560
15 561
15 562
15 563
15 564
15 565
15 566
15 567
15 568
15 569
15 570
15 571
15 572
15 573
15 574
15 575
15 576
15 577
15 578
15 579
15 580
15 581
15 582
15 583
15 584
15 585
15 586
15 587
15 588
15 589
15 590
15 591
15 592
15 593
15 594
15 595
15 596
15 597
15 598
15 599
15 600
15 601
15 602
15 603
15 604
15 605
15 606
15 607
15 608
15 609
15 610
15 611
15 612
15 613
15 614
15 615
15 616
15 617
15 618
15 619
15 620
15 621
15 622
15 623
15 624
15 625
15 626
15 627
15 628
15 629
15 630
15 631
15 632
15 633
15 634
15 635
15 636
15 637
15 638
15 639
15 640
15 641
15 642
15 643
15 644
15 645
15 646
15 647
15 648
15 649
15 650
15 651
15 652
15 653
15 654
15 655
15 656
15 657
15 658
15 659
15 660
15 661
15 662
15 663
15 664
15 665
15 666
15 667
15 668
15 669
15 670
15 671
15 672
15 673
15 674
15 675
15 676
15 677
15 678
15 679
15 680
15 681
15 682
15 683
15 684
15 685
15 686
15 687
15 688
15 689
15 690
15 691
15 692
15 693
15 694
15 695
15 696
15 697
15 698
15 699
15 700
15 701
15 702
15 703
15 704
15 705
15 706
15 707
15 708
15 709
15 710
15 711
15 712
15 713
15 714
15 715
15 716
15 717
15 718
15 719
15 720
15 721
15 722
15 723
15 724
15 725
15 726
15 727
15 728
15 729
15 730
15 731
15 732
15 733
15 734
15 735
15 736
15 737
15 738
15 739
15 740
15 741
15 742
15 743
15 744
15 745
15 746
15 747
15 748
15 749
15 750
15 751
15 752
15 753
15 754
15 755
15 756
15 757
15 758
15 759
15 760
15 761
15 762
15 763
15 764
15 765
15 766
15 767
15 768
15 769
15 770
15 771
15 772
15 773
15 774
15 775
15 776
15 777
15 778
15 779
15 780
15 781
15 782
15 783
15 784
15 785
15 786
15 787
15 788
15 789
15 790
15 791
15 792
15 793
15 794
15 795
15 796
15 797
15 798
15 799
15 800
15 801
15 802
15 803
15 804
15 805
15 806
15 807
15 808
15 809
15 810
15 811
15 812
15 813
15 814
15 815
15 816
15 817
15 818
15 819
15 820
15 821
15 822
15 823
15 824
15 825
15 826
15 827
15 828
15 829
15 830
15 831
15 832
15 833
15 834
15 835
15 836
15 837
15 838
15 839
15 840
15 841
15 842
15 843
15 844
15 845
15 846
15 847
15 848
15 849
15 850
15 851
15 852
15 853
15 854
15 855
15 856
15 857
15 858
15 859
15 860
15 861
15 862
15 863
15 864
15 865
15 866
15 867
15 868
15 869
15 870
15 871
15 872
15 873
15 874
15 875
15 876
15 877
15 878
15 879
15 880
15 881
15 882
15 883
15 884
15 885
15 886
15 887
15 888
15 889
15 890
15 891
15 892
15 893
15 894
15 895
15 896
15 897
15 898
15 899
15 900
15 901
15 902
15 903
15 904
15 905
15 906
15 907
15 908
15 909
15 910
15 911
15 912
15 913
15 914
15 915
15 916
15 917
15 918
15 919
15 920
15 921
15 922
15 923
15 924
15 925
15 926
15 927
15 928
15 929
15 930
15 931
15 932
15 933
15 934
15 935
15 936
15 937
15 938
15 939
15 940
15 941
15 942
15 943
15 944
15 945
15 946
15 947
15 948
15 949
15 950
15 951
15 952
15 953
15 954
15 955
15 956
15 957
15 958
15 959
15 960
15 961
15 962
15 963
15 964
15 965
15 966
15 967
15 968
15 969
15 970
15 971
15 972
15 973
15 974
15 975
15 976
15 977
15 978
15 979
15 980
15 981
15 982
15 983
15 984
15 985
15 986
15 987
15 988
15 989
15 990
15 991
15 992
15 993
15 994
15 995
15 996
15 997
15 998
15 999
15 1000
15 1001
15 1002
15 1003
15 1004
15 1005
15 1006
15 1007
15 1008
15 1009
15 1010
15 1011
15 1012
15 1013
15 1014
15 1015
15 1016
15 1017
15 1018
15 1019
15 1020
15 1021
15 1022
15 1023
15 1024
15 1025
15 1026
15 1027
15 1028
15 1029
15 1030
15 1031
15 1032
15 1033
15 1034
15 1035
15 1036
15 1037
15 1038
15 1039
15 1040
15 1041
15 1042
15 1043
15 1044
15 1045
15 1046
15 1047
15 1048
15 1049
15 1050
15 1051
15 1052
15 1053
15 1054
15 1055
15 1056
15 1057
15 1058
15 1059
15 1060
15 1061
15 1062
15 1063
15 1064
15 1065
15 1066
15 1067
15 1068
15 1069
15 1070
15 1071
15 1072
15 1073
15 1074
15 1075
15 1076
15 1077
15 1078
15 1079
15 1080
15 1081
15 1082
15 1083
15 1084
15 1085
15 1086
15 1087
15 1088
15 1089
15 1090
15 1091
15 1092
15 1093
15 1094
15 1095
15 1096
15 1097
15 1098
15 1099
15 1100
15 1101
15 1102
15 1103
15 1104
15 1105
15 1106
15 1107
15 1108
15 1109
15 1110
15 1111
15 1112
15 1113
15 1114
15 1115
15 1116
15 1117
15 1118
15 1119
15 1120
15 1121
15 1122
15 1123
15 1124
15 1125
15 1126
15 1127
15 1128
15 1129
15 1130
15 1131
15 1132
15 1133
15 1134
15 1135
15 1136
15 1137
15 1138
15 1139
15 1140
15 1141
15 1142
15 1143
15 1144
15 1145
15 1146
15 1147
15 1148
15 1149
15 1150
15 1151
15 1152
15 1153
15 1154
15 1155
15 1156
15 1157
15 1158
15 1159
15 1160
15 1161
15 1162
15 1163
15 1164
15 1165
15 1166
15 1167
15 1168
15 1169
15 1170
15 1171
15 1172
15 1173
15 1174
15 1175
15 1176
15 1177
15 1178
15 1179
15 1180
15 1181
15 1182
15 1183
15 1184
15 1185
15 1186
15 1187
15 1188
15 1189
15 1190
15 1191
15 1192
15 1193
15 1194
15 1195
15 1196
15 1197
15 1198
15 1199
15 1200
15 1201
15 1202
15 1203
15 1204
15 1205
15 1206
15 1207
15 1208
15 1209
15 1210
15 1211
15 1212
15 1213
15 1214
15 1215
15 1216
15 1217
15 1218
15 1219
17 1220
17 1221
17 1222
17 1223
17 1224
17 1225
17 1226
17 1227
17 1228
17 1229
17 1230
17 1231
17 1232
17 1233
17 1234
17 1235
17 1236
17 1237
17 1238
17 1239
17 1240
17 1241
17 1242
17 1243
17 1244
17 1245
17 1246
17 1247
17 1248
17 1249
17 1250
17 1251
17 1252
17 1253
17 1254
17 1255
17 1256
17 1257
17 1258
17 1259
17 1260
17 1261
17 1262
17 1263
17 1264
17 1265
17 1266
17 1267
17 1268
17 1269
7 1270
7 1271
7 1272
7 1273
7 1274
7 1275
7 1276
7 1277
7 1278
7 1279
7 1280
7 1281
7 1282
7 1283
7 1284
7 1285
7 1286
7 1287
7 1288
7 1289
7 1290
7 1291
7 1292
7 1293
7 1294
7 1295
7 1296
7 1297
7 1298
7 1299
7 1300
7 1301
7 1302
7 1303
7 1304
7 1305
7 1306
7 1307
7 1308
7 1309
7 1310
7 1311
7 1312
7 1313
7 1314
7 1315
7 1316
7 1317
7 1318
7 1319
7 1320
7 1321
7 1322
7 1323
7 1324
7 1325
7 1326
7 1327
7 1328
7 1329
7 1330
7 1331
7 1332
7 1333
7 1334
7 1335
7 1336
7 1337
7 1338
7 1339
7 1340
7 1341
7 1342
7 1343
7 1344
7 1345
7 1346
7 1347
7 1348
7 1349
7 1350
7 1351
7 1352
7 1353
7 1354
7 1355
7 1356
7 1357
7 1358
7 1359
7 1360
7 1361
7 1362
7 1363
7 1364
7 1365
7 1366
7 1367
7 1368
7 1369
7 1370
7 1371
7 1372
7 1373
7 1374
7 1375
7 1376
7 1377
7 1378
7 1379
7 1380
7 1381
7 1382
7 1383
7 1384
7 1385
7 1386
7 1387
7 1388
7 1389
7 1390
7 1391
7 1392
7 1393
7 1394
7 1395
7 1396
7 1397
7 1398
7 1399
7 1400
7 1401
7 1402
7 1403
7 1404
7 1405
7 1406
7 1407
7 1408
7 1409
7 1410
7 1411
7 1412
7 1413
7 1414
7 1415
7 1416
7 1417
7 1418
7 1419
7 1420
7 1421
7 1422
7 1423
7 1424
7 1425
7 1426
7 1427
7 1428
7 1429
7 1430
7 1431
7 1432
7 1433
7 1434
7 1435
7 1436
7 1437
7 1438
7 1439
7 1440
7 1441
7 1442
7 1443
7 1444
7 1445
7 1446
7 1447
7 1448
7 1449
7 1450
7 1451
7 1452
7 1453
7 1454
7 1455
7 1456
7 1457
7 1458
7 1459
7 1460
7 1461
7 1462
7 1463
7 1464
7 1465
7 1466
7 1467
7 1468
7 1469
7 1470
7 1471
7 1472
7 1473
7 1474
7 1475
7 1476
7 1477
7 1478
7 1479
7 1480
7 1481
7 1482
7 1483
7 1484
7 1485
7 1486
7 1487
7 1488
7 1489
7 1490
7 1491
7 1492
7 1493
7 1494
7 1495
7 1496
7 1497
7 1498
7 1499
7 1500
7 1501
7 1502
7 1503
7 1504
7 1505
7 1506
7 1507
7 1508
7 1509
7 1510
7 1511
7 1512
7 1513
7 1514
7 1515
7 1516
7 1517
7 1518
7 1519
7 1520
7 1521
7 1522
7 1523
7 1524
7 1525
7 1526
7 1527
7 1528
7 1529
7 1530
7 1531
7 1532
7 1533
7 1534
7 1535
7 1536
7 1537
7 1538
7 1539
7 1540
7 1541
7 1542
7 1543
7 1544
7 1545
7 1546
7 1547
7 1548
7 1549
7 1550
7 1551
7 1552
7 1553
7 1554
7 1555
7 1556
7 1557
7 1558
7 1559
7 1560
7 1561
7 1562
7 1563
7 1564
7 1565
7 1566
7 1567
7 1568
7 1569
7 1570
7 1571
7 1572
7 1573
7 1574
7 1575
7 1576
7 1577
7 1578
7 1579
7 1580
7 1581
7 1582
7 1583
7 1584
7 1585
7 1586
7 1587
7 1588
7 1589
7 1590
7 1591
7 1592
7 1593
7 1594
7 1595
7 1596
7 1597
7 1598
7 1599
4 1600
4 1601
4 1602
4 1603
4 1604
4 1605
4 1606
4 1607
4 1608
4 1609
4 1610
4 1611
4 1612
4 1613
4 1614
4 1615
4 1616
4 1617
4 1618
4 1619
4 1620
4 1621
4 1622
4 1623
4 1624
4 1625
4 1626
4 1627
4 1628
4 1629
4 1630
4 1631
4 1632
4 1633
4 1634
4 1635
4 1636
4 1637
4 1638
4 1639
4 1640
4 1641
4 1642
4 1643
4 1644
4 1645
4 1646
4 1647
4 1648
4 1649
4 1650
4 1651
4 1652
4 1653
4 1654
4 1655
4 1656
4 1657
4 1658
4 1659
4 1660
4 1661
4 1662
4 1663
4 1664
4 1665
4 1666
4 1667
4 1668
4 1669
4 1670
4 1671
4 1672
4 1673
4 1674
4 1675
4 1676
4 1677
4 1678
4 1679
4 1680
4 1681
4 1682
4 1683
4 1684
4 1685
4 1686
4 1687
4 1688
4 1689
4 1690
4 1691
4 1692
4 1693
4 1694
4 1695
4 1696
4 1697
4 1698
4 1699
4 1700
4 1701
4 1702
4 1703
4 1704
4 1705
4 1706
4 1707
4 1708
4 1709
4 1710
4 1711
4 1712
4 1713
4 1714
4 1715
4 1716
4 1717
4 1718
4 1719
4 1720
4 1721
4 1722
4 1723
4 1724
4 1725
4 1726
4 1727
4 1728
4 1729
4 1730
4 1731
4 1732
4 1733
4 1734
4 1735
4 1736
4 1737
4 1738
4 1739
4 1740
4 1741
4 1742
4 1743
4 1744
4 1745
4 1746
4 1747
4 1748
4 1749
4 1750
4 1751
4 1752
4 1753
4 1754
4 1755
4 1756
4 1757
4 1758
4 1759
4 1760
4 1761
4 1762
4 1763
4 1764
4 1765
4 1766
4 1767
4 1768
4 1769
4 1770
4 1771
4 1772
4 1773
4 1774
4 1775
4 1776
4 1777
4 1778
4 1779
4 1780
4 1781
4 1782
4 1783
4 1784
4 1785
4 1786
4 1787
4 1788
4 1789
4 1790
4 1791
4 1792
4 1793
4 1794
4 1795
4 1796
4 1797
4 1798
4 1799
4 1800
4 1801
4 1802
4 1803
4 1804
4 1805
4 1806
4 1807
4 1808
4 1809
4 1810
4 1811
4 1812
4 1813
4 1814
4 1815
4 1816
4 1817
4 1818
4 1819
4 1820
4 1821
4 1822
4 1823
4 1824
4 1825
4 1826
4 1827
4 1828
4 1829
4 1830
4 1831
4 1832
4 1833
4 1834
4 1835
4 1836
4 1837
4 1838
4 1839
4 1840
4 1841
4 1842
4 1843
4 1844
4 1845
4 1846
4 1847
4 1848
4 1849
4 1850
4 1851
4 1852
4 1853
4 1854
4 1855
4 1856
4 1857
4 1858
4 1859
4 1860
4 1861
4 1862
4 1863
4 1864
4 1865
4 1866
4 1867
4 1868
4 1869
4 1870
4 1871
4 1872
4 1873
4 1874
4 1875
4 1876
4 1877
4 1878
4 1879
4 1880
4 1881
4 1882
4 1883
4 1884
4 1885
4 1886
4 1887
4 1888
4 1889
4 1890
4 1891
4 1892
4 1893
4 1894
4 1895
4 1896
4 1897
4 1898
4 1899
4 1900
16 1901
16 1902
16 1903
16 1904
16 1905
16 1906
16 1907
16 1908
16 1909
16 1910
16 1911
16 1912
16 1913
16 1914
16 1915
16 1916
16 1917
16 1918
16 1919
16 1920
16 1921
16 1922
16 1923
16 1924
16 1925
16 1926
16 1927
16 1928
16 1929
16 1930
16 1931
16 1932
16 1933
16 1934
16 1935
16 1936
16 1937
16 1938
16 1939
16 1940
16 1941
16 1942
16 1943
16 1944
16 1945
16 1946
16 1947
16 1948
16 1949
16 1950
16 1951
16 1952
16 1953
16 1954
16 1955
16 1956
16 1957
16 1958
16 1959
16 1960
16 1961
16 1962
16 1963
16 1964
16 1965
16 1966
16 1967
16 1968
16 1969
16 1970
16 1971
16 1972
16 1973
16 1974
16 1975
16 1976
16 1977
16 1978
16 1979
16 1980
16 1981
16 1982
16 1983
16 1984
16 1985
16 1986
16 1987
16 1988
16 1989
16 1990
16 1991
16 1992
16 1993
16 1994
16 1995
16 1996
16 1997
16 1998
16 1999
16 2000
16 2001
16 2002
16 2003
16 2004
16 2005
16 2006
16 2007
16 2008
16 2009
16 2010
16 2011
16 2012
16 2013
16 2014
16 2015
16 2016
16 2017
16 2018
16 2019
16 2020
16 2021
16 2022
16 2023
16 2024
16 2025
16 2026
16 2027
16 2028
16 2029
16 2030
16 2031
16 2032
16 2033
16 2034
16 2035
16 2036
16 2037
16 2038
16 2039
16 2040
16 2041
16 2042
16 2043
16 2044
16 2045
16 2046
16 2047
16 2048
16 2049
16 2050
16 2051
16 2052
16 2053
16 2054
16 2055
16 2056
16 2057
16 2058
16 2059
16 2060
16 2061
16 2062
16 2063
16 2064
16 2065
16 2066
16 2067
16 2068
16 2069
16 2070
16 2071
16 2072
16 2073
16 2074
16 2075
16 2076
16 2077
16 2078
16 2079
16 2080
16 2081
16 2082
16 2083
16 2084
16 2085
16 2086
16 2087
16 2088
16 2089
16 2090
16 2091
16 2092
16 2093
16 2094
16 2095
16 2096
16 2097
16 2098
16 2099
16 2100
16 2101
16 2102
16 2103
16 2104
16 2105
16 2106
16 2107
16 2108
16 2109
16 2110
16 2111
16 2112
16 2113
16 2114
16 2115
16 2116
16 2117
16 2118
16 2119
16 2120
16 2121
16 2122
16 2123
16 2124
16 2125
16 2126
16 2127
16 2128
16 2129
16 2130
16 2131
16 2132
16 2133
16 2134
16 2135
16 2136
16 2137
16 2138
16 2139
16 2140
16 2141
16 2142
16 2143
16 2144
16 2145
16 2146
16 2147
16 2148
16 2149
16 2150
16 2151
16 2152
16 2153
16 2154
16 2155
16 2156
16 2157
16 2158
16 2159
16 2160
16 2161
16 2162
16 2163
16 2164
16 2165
16 2166
16 2167
16 2168
16 2169
16 2170
16 2171
16 2172
16 2173
16 2174
16 2175
16 2176
16 2177
16 2178
3 2179
3 2180
3 2181
3 2182
3 2183
3 2184
3 2185
3 2186
3 2187
3 2188
3 2189
3 2190
3 2191
3 2192
3 2193
3 2194
3 2195
3 2196
3 2197
3 2198
3 2199
3 2200
3 2201
3 2202
3 2203
3 2204
3 2205
3 2206
3 2207
3 2208
3 2209
3 2210
3 2211
3 2212
3 2213
3 2214
3 2215
3 2216
3 2217
3 2218
3 2219
3 2220
3 2221
3 2222
3 2223
3 2224
3 2225
3 2226
3 2227
3 2228
3 2229
3 2230
3 2231
3 2232
3 2233
3 2234
3 2235
3 2236
3 2237
3 2238
3 2239
3 2240
3 2241
3 2242
3 2243
3 2244
3 2245
3 2246
3 2247
3 2248
3 2249
3 2250
3 2251
3 2252
3 2253
3 2254
3 2255
3 2256
3 2257
3 2258
3 2259
3 2260
3 2261
3 2262
3 2263
3 2264
3 2265
3 2266
3 2267
3 2268
3 2269
3 2270
3 2271
3 2272
3 2273
3 2274
3 2275
3 2276
3 2277
3 2278
3 2279
3 2280
3 2281
3 2282
3 2283
3 2284
3 2285
3 2286
3 2287
3 2288
3 2289
3 2290
3 2291
3 2292
3 2293
3 2294
3 2295
3 2296
3 2297
3 2298
3 2299
3 2300
3 2301
3 2302
3 2303
3 2304
3 2305
3 2306
3 2307
3 2308
3 2309
3 2310
3 2311
3 2312
3 2313
3 2314
9 2315
9 2316
9 2317
9 2318
9 2319
9 2320
9 2321
9 2322
9 2323
9 2324
9 2325
9 2326
9 2327
9 2328
9 2329
9 2330
9 2331
9 2332
9 2333
9 2334
9 2335
9 2336
9 2337
9 2338
9 2339
9 2340
9 2341
9 2342
9 2343
9 2344
9 2345
9 2346
9 2347
9 2348
9 2349
9 2350
9 2351
9 2352
9 2353
9 2354
9 2355
9 2356
9 2357
9 2358
9 2359
9 2360
9 2361
9 2362
9 2363
9 2364
9 2365
9 2366
9 2367
9 2368
9 2369
9 2370
9 2371
9 2372
9 2373
9 2374
9 2375
9 2376
9 2377
9 2378
9 2379
9 2380
9 2381
9 2382
9 2383
9 2384
9 2385
9 2386
9 2387
9 2388
9 2389
9 2390
9 2391
9 2392
9 2393
9 2394
9 2395
9 2396
9 2397
9 2398
9 2399
9 2400
9 2401
9 2402
9 2403
9 2404
9 2405
9 2406
9 2407
9 2408
9 2409
9 2410
9 2411
9 2412
9 2413
9 2414
9 2415
9 2416
9 2417
9 2418
9 2419
9 2420
9 2421
9 2422
9 2423
9 2424
9 2425
9 2426
9 2427
9 2428
9 2429
9 2430
9 2431
9 2432
9 2433
9 2434
9 2435
9 2436
9 2437
9 2438
9 2439
9 2440
9 2441
9 2442
9 2443
9 2444
9 2445
9 2446
9 2447
9 2448
9 2449
9 2450
9 2451
9 2452
9 2453
9 2454
9 2455
9 2456
9 2457
9 2458
9 2459
9 2460
9 2461
9 2462
9 2463
9 2464
9 2465
9 2466
9 2467
9 2468
9 2469
9 2470
9 2471
9 2472
9 2473
9 2474
9 2475
9 2476
9 2477
9 2478
9 2479
9 2480
9 2481
9 2482
9 2483
9 2484
9 2485
9 2486
9 2487
9 2488
9 2489
9 2490
9 2491
9 2492
9 2493
9 2494
9 2495
9 2496
9 2497
9 2498
9 2499
9 2500
9 2501
9 2502
9 2503
9 2504
9 2505
9 2506
9 2507
9 2508
9 2509
9 2510
9 2511
9 2512
9 2513
9 2514
9 2515
9 2516
9 2517
9 2518
9 2519
9 2520
9 2521
9 2522
9 2523
9 2524
9 2525
9 2526
9 2527
9 2528
9 2529
9 2530
9 2531
9 2532
9 2533
9 2534
9 2535
9 2536
9 2537
9 2538
9 2539
9 2540
9 2541
9 2542
9 2543
9 2544
9 2545
9 2546
9 2547
9 2548
9 2549
9 2550
9 2551
9 2552
9 2553
9 2554
9 2555
9 2556
9 2557
9 2558
9 2559
9 2560
9 2561
9 2562
9 2563
9 2564
9 2565
9 2566
9 2567
9 2568
9 2569
9 2570
9 2571
9 2572
9 2573
9 2574
9 2575
9 2576
9 2577
9 2578
9 2579
9 2580
9 2581
9 2582
9 2583
9 2584
9 2585
9 2586
9 2587
9 2588
9 2589
9 2590
9 2591
9 2592
9 2593
9 2594
9 2595
9 2596
9 2597
9 2598
9 2599
9 2600
9 2601
9 2602
9 2603
9 2604
9 2605
9 2606
9 2607
9 2608
9 2609
9 2610
9 2611
9 2612
9 2613
9 2614
9 2615
9 2616
9 2617
9 2618
9 2619
9 2620
9 2621
9 2622
9 2623
9 2624
9 2625
9 2626
9 2627
9 2628
9 2629
9 2630
9 2631
9 2632
9 2633
9 2634
9 2635
9 2636
9 2637
9 2638
9 2639
9 2640
9 2641
9 2642
9 2643
9 2644
9 2645
9 2646
9 2647
9 2648
9 2649
9 2650
9 2651
9 2652
9 2653
9 2654
9 2655
9 2656
9 2657
9 2658
9 2659
9 2660
9 2661
9 2662
9 2663
9 2664
9 2665
9 2666
9 2667
9 2668
9 2669
9 2670
9 2671
9 2672
9 2673
9 2674
9 2675
9 2676
9 2677
9 2678
9 2679
9 2680
9 2681
9 2682
9 2683
9 2684
9 2685
9 2686
9 2687
9 2688
9 2689
9 2690
9 2691
9 2692
9 2693
9 2694
9 2695
9 2696
9 2697
9 2698
9 2699
9 2700
9 2701
9 2702
9 2703
9 2704
9 2705
9 2706
9 2707
9 2708
9 2709
9 2710
9 2711
9 2712
9 2713
9 2714
9 2715
9 2716
9 2717
9 2718
9 2719
9 2720
9 2721
9 2722
9 2723
9 2724
9 2725
9 2726
9 2727
9 2728
9 2729
9 2730
9 2731
9 2732
9 2733
9 2734
9 2735
9 2736
9 2737
9 2738
9 2739
9 2740
9 2741
9 2742
9 2743
9 2744
9 2745
9 2746
9 2747
9 2748
9 2749
9 2750
9 2751
9 2752
9 2753
9 2754
9 2755
9 2756
9 2757
9 2758
9 2759
9 2760
9 2761
9 2762
9 2763
9 2764
9 2765
9 2766
9 2767
9 2768
9 2769
9 2770
9 2771
9 2772
9 2773
9 2774
9 2775
9 2776
9 2777
9 2778
9 2779
9 2780
9 2781
9 2782
9 2783
9 2784
9 2785
9 2786
9 2787
9 2788
9 2789
9 2790
9 2791
9 2792
9 2793
9 2794
9 2795
9 2796
9 2797
9 2798
9 2799
9 2800
9 2801
9 2802
9 2803
9 2804
9 2805
9 2806
9 2807
9 2808
9 2809
9 2810
9 2811
9 2812
9 2813
9 2814
9 2815
9 2816
9 2817
9 2818
9 2819
9 2820
9 2821
9 2822
9 2823
9 2824
9 2825
9 2826
9 2827
9 2828
9 2829
9 2830
9 2831
9 2832
9 2833
9 2834
9 2835
9 2836
9 2837
9 2838
9 2839
9 2840
9 2841
9 2842
9 2843
9 2844
9 2845
9 2846
9 2847
9 2848
9 2849
9 2850
9 2851
9 2852
9 2853
9 2854
9 2855
9 2856
9 2857
9 2858
9 2859
9 2860
9 2861
9 2862
9 2863
9 2864
9 2865
9 2866
9 2867
9 2868
9 2869
9 2870
9 2871
9 2872
9 2873
9 2874
9 2875
9 2876
9 2877
9 2878
9 2879
9 2880
9 2881
9 2882
9 2883
9 2884
9 2885
9 2886
9 2887
9 2888
9 2889
9 2890
9 2891
9 2892
9 2893
9 2894
9 2895
9 2896
9 2897
9 2898
9 2899
9 2900
9 2901
9 2902
9 2903
9 2904
9 2905
9 2906
9 2907
9 2908
9 2909
9 2910
9 2911
9 2912
9 2913
9 2914
9 2915
9 2916
9 2917
9 2918
9 2919
9 2920
9 2921
9 2922
9 2923
9 2924
9 2925
9 2926
9 2927
9 2928
9 2929
9 2930
9 2931
9 2932
9 2933
9 2934
9 2935
9 2936
9 2937
9 2938
9 2939
9 2940
9 2941
9 2942
9 2943
9 2944
9 2945
9 2946
9 2947
9 2948
9 2949
9 2950
9 2951
9 2952
9 2953
9 2954
9 2955
9 2956
9 2957
9 2958
9 2959
9 2960
9 2961
9 2962
9 2963
9 2964
9 2965
9 2966
9 2967
9 2968
9 2969
9 2970
9 2971
9 2972
9 2973
9 2974
9 2975
9 2976
9 2977
9 2978
9 2979
9 2980
9 2981
9 2982
9 2983
9 2984
9 2985
9 2986
9 2987
9 2988
9 2989
9 2990
9 2991
9 2992
9 2993
9 2994
9 2995
9 2996
9 2997
9 2998
9 2999
9 3000
9 3001
9 3002
9 3003
9 3004
9 3005
9 3006
9 3007
9 3008
9 3009
9 3010
9 3011
9 3012
9 3013
9 3014
9 3015
9 3016
9 3017
9 3018
9 3019
9 3020
9 3021
9 3022
9 3023
9 3024
9 3025
9 3026
9 3027
9 3028
9 3029
9 3030
9 3031
9 3032
9 3033
9 3034
9 3035
9 3036
9 3037
9 3038
9 3039
9 3040
9 3041
9 3042
9 3043
9 3044
9 3045
9 3046
9 3047
9 3048
9 3049
9 3050
9 3051
9 3052
9 3053
9 3054
9 3055
9 3056
9 3057
9 3058
9 3059
9 3060
9 3061
9 3062
9 3063
9 3064
9 3065
9 3066
9 3067
9 3068
9 3069
9 3070
9 3071
9 3072
9 3073
9 3074
9 3075
9 3076
9 3077
9 3078
9 3079
9 3080
9 3081
9 3082
9 3083
9 3084
9 3085
9 3086
9 3087
9 3088
9 3089
9 3090
9 3091
9 3092
9 3093
9 3094
9 3095
9 3096
9 3097
9 3098
9 3099
9 3100
9 3101
9 3102
9 3103
9 3104
9 3105
9 3106
9 3107
9 3108
9 3109
9 3110
9 3111
9 3112
9 3113
9 3114
9 3115
9 3116
9 3117
9 3118
9 3119
9 3120
9 3121
9 3122
9 3123
9 3124
9 3125
9 3126
9 3127
9 3128
9 3129
9 3130
9 3131
9 3132
9 3133
9 3134
9 3135
9 3136
9 3137
9 3138
9 3139
9 3140
9 3141
9 3142
9 3143
9 3144
9 3145
9 3146
9 3147
9 3148
9 3149
9 3150
9 3151
9 3152
9 3153
9 3154
9 3155
9 3156
9 3157
9 3158
9 3159
9 3160
9 3161
9 3162
9 3163
9 3164
9 3165
9 3166
9 3167
9 3168
9 3169
9 3170
9 3171
9 3172
9 3173
9 3174
9 3175
9 3176
9 3177
9 3178
9 3179
9 3180
9 3181
9 3182
9 3183
9 3184
9 3185
9 3186
9 3187
9 3188
9 3189
9 3190
9 3191
9 3192
9 3193
9 3194
9 3195
9 3196
9 3197
9 3198
9 3199
9 3200
9 3201
9 3202
9 3203
9 3204
9 3205
9 3206
9 3207
9 3208
9 3209
9 3210
9 3211
9 3212
9 3213
9 3214
9 3215
9 3216
9 3217
9 3218
9 3219
9 3220
9 3221
9 3222
9 3223
9 3224
9 3225
9 3226
9 3227
9 3228
9 3229
9 3230
9 3231
9 3232
9 3233
9 3234
9 3235
9 3236
9 3237
9 3238
9 3239
9 3240
9 3241
9 3242
9 3243
9 3244
9 3245
9 3246
9 3247
9 3248
9 3249
9 3250
9 3251
9 3252
9 3253
9 3254
9 3255
9 3256
9 3257
9 3258
9 3259
9 3260
9 3261
9 3262
9 3263
9 3264
9 3265
9 3266
9 3267
9 3268
9 3269
9 3270
9 3271
9 3272
9 3273
9 3274
9 3275
9 3276
9 3277
9 3278
9 3279
9 3280
9 3281
9 3282
9 3283
9 3284
9 3285
9 3286
9 3287
9 3288
9 3289
9 3290
9 3291
9 3292
9 3293
14 3294
14 3295
14 3296
14 3297
14 3298
14 3299
14 3300
14 3301
14 3302
14 3303
14 3304
14 3305
14 3306
14 3307
14 3308
14 3309
14 3310
14 3311
14 3312
14 3313
14 3314
14 3315
14 3316
14 3317
14 3318
14 3319
14 3320
14 3321
14 3322
14 3323
14 3324
14 3325
14 3326
14 3327
14 3328
14 3329
14 3330
14 3331
14 3332
14 3333
14 3334
14 3335
14 3336
14 3337
14 3338
14 3339
14 3340
14 3341
14 3342
14 3343
14 3344
14 3345
14 3346
14 3347
14 3348
14 3349
14 3350
14 3351
14 3352
14 3353
14 3354
14 3355
14 3356
14 3357
14 3358
14 3359
14 3360
14 3361
14 3362
14 3363
14 3364
14 3365
14 3366
14 3367
14 3368
14 3369
14 3370
14 3371
14 3372
14 3373
14 3374
14 3375
14 3376
14 3377
14 3378
14 3379
14 3380
14 3381
14 3382
14 3383
14 3384
14 3385
14 3386
14 3387
14 3388
14 3389
14 3390
14 3391
14 3392
14 3393
14 3394
14 3395
14 3396
14 3397
14 3398
14 3399
14 3400
14 3401
14 3402
14 3403
14 3404
14 3405
14 3406
14 3407
14 3408
14 3409
14 3410
14 3411
14 3412
14 3413
14 3414
14 3415
14 3416
14 3417
14 3418
14 3419
14 3420
14 3421
14 3422
14 3423
14 3424
14 3425
14 3426
14 3427
14 3428
14 3429
14 3430
14 3431
14 3432
14 3433
14 3434
14 3435
14 3436
14 3437
14 3438
14 3439
14 3440
14 3441
14 3442
14 3443
14 3444
14 3445
14 3446
14 3447
14 3448
14 3449
14 3450
14 3451
14 3452
14 3453
14 3454
14 3455
14 3456
14 3457
14 3458
14 3459
14 3460
14 3461
14 3462
14 3463
14 3464
14 3465
14 3466
14 3467
14 3468
14 3469
14 3470
14 3471
14 3472
14 3473
14 3474
14 3475
14 3476
14 3477
14 3478
14 3479
14 3480
14 3481
14 3482
14 3483
14 3484
14 3485
14 3486
14 3487
14 3488
14 3489
14 3490
14 3491
14 3492
14 3493
14 3494
14 3495
14 3496
14 3497
14 3498
14 3499
14 3500
14 3501
14 3502
14 3503
14 3504
14 3505
14 3506
14 3507
14 3508
14 3509
14 3510
14 3511
14 3512
14 3513
14 3514
14 3515
14 3516
14 3517
14 3518
14 3519
14 3520
14 3521
14 3522
14 3523
14 3524
14 3525
14 3526
14 3527
14 3528
14 3529
14 3530
14 3531
14 3532
14 3533
14 3534
14 3535
14 3536
14 3537
14 3538
14 3539
14 3540
14 3541
14 3542
14 3543
14 3544
14 3545
14 3546
14 3547
14 3548
14 3549
14 3550
14 3551
14 3552
14 3553
14 3554
14 3555
14 3556
14 3557
14 3558
14 3559
14 3560
14 3561
14 3562
14 3563
14 3564
14 3565
14 3566
14 3567
14 3568
14 3569
14 3570
14 3571
14 3572
14 3573
14 3574
14 3575
14 3576
14 3577
14 3578
14 3579
14 3580
14 3581
14 3582
14 3583
14 3584
14 3585
14 3586
14 3587
14 3588
14 3589
14 3590
14 3591
14 3592
14 3593
14 3594
14 3595
14 3596
14 3597
14 3598
14 3599
14 3600
14 3601
14 3602
14 3603
14 3604
14 3605
14 3606
14 3607
14 3608
14 3609
14 3610
14 3611
14 3612
14 3613
14 3614
14 3615
14 3616
14 3617
14 3618
14 3619
14 3620
14 3621
14 3622
14 3623
14 3624
14 3625
14 3626
14 3627
14 3628
14 3629
14 3630
14 3631
14 3632
14 3633
14 3634
14 3635
14 3636
14 3637
14 3638
14 3639
14 3640
14 3641
14 3642
14 3643
14 3644
14 3645
14 3646
14 3647
14 3648
14 3649
14 3650
14 3651
14 3652
14 3653
14 3654
14 3655
14 3656
14 3657
14 3658
14 3659
14 3660
14 3661
14 3662
14 3663
14 3664
14 3665
14 3666
14 3667
14 3668
14 3669
14 3670
14 3671
14 3672
14 3673
14 3674
14 3675
14 3676
14 3677
14 3678
14 3679
14 3680
14 3681
14 3682
14 3683
14 3684
14 3685
14 3686
14 3687
14 3688
14 3689
14 3690
14 3691
14 3692
14 3693
14 3694
14 3695
14 3696
14 3697
14 3698
14 3699
14 3700
14 3701
14 3702
14 3703
14 3704
14 3705
14 3706
14 3707
14 3708
14 3709
14 3710
14 3711
14 3712
14 3713
14 3714
14 3715
14 3716
14 3717
14 3718
14 3719
14 3720
14 3721
14 3722
14 3723
14 3724
14 3725
14 3726
14 3727
14 3728
14 3729
14 3730
14 3731
14 3732
14 3733
14 3734
14 3735
14 3736
14 3737
14 3738
14 3739
14 3740
14 3741
14 3742
14 3743
14 3744
14 3745
14 3746
14 3747
14 3748
14 3749
14 3750
14 3751
14 3752
14 3753
14 3754
14 3755
14 3756
14 3757
14 3758
14 3759
14 3760
14 3761
14 3762
14 3763
14 3764
14 3765
14 3766
14 3767
14 3768
14 3769
14 3770
14 3771
14 3772
14 3773
14 3774
14 3775
14 3776
14 3777
14 3778
14 3779
14 3780
14 3781
14 3782
14 3783
14 3784
14 3785
14 3786
14 3787
14 3788
14 3789
14 3790
14 3791
14 3792
14 3793
14 3794
14 3795
14 3796
14 3797
14 3798
14 3799
14 3800
14 3801
14 3802
14 3803
14 3804
14 3805
14 3806
14 3807
14 3808
14 3809
14 3810
14 3811
14 3812
14 3813
14 3814
14 3815
14 3816
14 3817
14 3818
14 3819
14 3820
14 3821
14 3822
14 3823
14 3824
14 3825
14 3826
14 3827
14 3828
14 3829
14 3830
14 3831
14 3832
14 3833
14 3834
14 3835
14 3836
14 3837
14 3838
14 3839
14 3840
14 3841
14 3842
14 3843
14 3844
14 3845
14 3846
14 3847
14 3848
14 3849
14 3850
14 3851
14 3852
14 3853
14 3854
14 3855
14 3856
14 3857
14 3858
14 3859
14 3860
14 3861
14 3862
14 3863
14 3864
14 3865
14 3866
14 3867
14 3868
14 3869
14 3870
14 3871
14 3872
14 3873
14 3874
14 3875
14 3876
14 3877
14 3878
14 3879
14 3880
14 3881
14 3882
14 3883
14 3884
14 3885
14 3886
14 3887
14 3888
14 3889
14 3890
14 3891
14 3892
14 3893
14 3894
14 3895
14 3896
14 3897
14 3898
14 3899
14 3900
14 3901
14 3902
14 3903
14 3904
14 3905
14 3906
14 3907
14 3908
14 3909
14 3910
14 3911
14 3912
14 3913
14 3914
14 3915
14 3916
14 3917
14 3918
14 3919
14 3920
14 3921
14 3922
14 3923
14 3924
14 3925
14 3926
14 3927
14 3928
14 3929
14 3930
14 3931
14 3932
14 3933
14 3934
14 3935
14 3936
14 3937
14 3938
14 3939
14 3940
14 3941
14 3942
14 3943
14 3944
14 3945
14 3946
14 3947
14 3948
14 3949
14 3950
14 3951
14 3952
14 3953
14 3954
14 3955
14 3956
14 3957
14 3958
14 3959
14 3960
14 3961
14 3962
14 3963
14 3964
14 3965
14 3966
14 3967
14 3968
14 3969
14 3970
14 3971
14 3972
14 3973
14 3974
14 3975
14 3976
14 3977
14 3978
14 3979
14 3980
14 3981
14 3982
14 3983
14 3984
14 3985
14 3986
14 3987
14 3988
14 3989
14 3990
14 3991
14 3992
14 3993
14 3994
14 3995
14 3996
14 3997
14 3998
14 3999
14 4000
14 4001
14 4002
14 4003
14 4004
14 4005
14 4006
14 4007
14 4008
14 4009
14 4010
14 4011
14 4012
14 4013
14 4014
14 4015
14 4016
14 4017
14 4018
14 4019
14 4020
14 4021
14 4022
14 4023
14 4024
14 4025
14 4026
14 4027
14 4028
14 4029
14 4030
14 4031
14 4032
14 4033
14 4034
14 4035
14 4036
14 4037
14 4038
14 4039
14 4040
14 4041
14 4042
14 4043
14 4044
14 4045
14 4046
14 4047
14 4048
14 4049
14 4050
14 4051
14 4052
14 4053
14 4054
14 4055
14 4056
14 4057
14 4058
14 4059
14 4060
14 4061
14 4062
14 4063
14 4064
14 4065
14 4066
14 4067
14 4068
14 4069
14 4070
14 4071
14 4072
14 4073
14 4074
14 4075
14 4076
14 4077
14 4078
14 4079
14 4080
14 4081
14 4082
14 4083
14 4084
14 4085
14 4086
14 4087
14 4088
14 4089
14 4090
14 4091
14 4092
14 4093
14 4094
14 4095
14 4096
14 4097
14 4098
14 4099
14 4100
14 4101
14 4102
14 4103
14 4104
14 4105
14 4106
14 4107
14 4108
14 4109
14 4110
14 4111
14 4112
14 4113
14 4114
14 4115
14 4116
14 4117
14 4118
14 4119
14 4120
14 4121
14 4122
14 4123
14 4124
14 4125
14 4126
14 4127
14 4128
14 4129
14 4130
14 4131
14 4132
14 4133
14 4134
14 4135
14 4136
13 4137
13 4138
13 4139
13 4140
13 4141
13 4142
13 4143
13 4144
13 4145
13 4146
13 4147
13 4148
13 4149
13 4150
13 4151
13 4152
13 4153
13 4154
13 4155
13 4156
13 4157
13 4158
13 4159
13 4160
13 4161
13 4162
13 4163
13 4164
13 4165
13 4166
13 4167
13 4168
13 4169
13 4170
13 4171
13 4172
13 4173
13 4174
13 4175
13 4176
13 4177
13 4178
13 4179
13 4180
13 4181
13 4182
13 4183
13 4184
13 4185
13 4186
13 4187
13 4188
13 4189
13 4190
13 4191
13 4192
13 4193
13 4194
13 4195
13 4196
13 4197
13 4198
13 4199
13 4200
13 4201
13 4202
13 4203
13 4204
13 4205
13 4206
13 4207
13 4208
13 4209
13 4210
13 4211
13 4212
13 4213
13 4214
13 4215
13 4216
13 4217
13 4218
13 4219
13 4220
13 4221
13 4222
13 4223
13 4224
13 4225
13 4226
13 4227
13 4228
13 4229
13 4230
13 4231
13 4232
13 4233
13 4234
13 4235
13 4236
13 4237
13 4238
13 4239
13 4240
13 4241
13 4242
13 4243
13 4244
13 4245
13 4246
13 4247
13 4248
13 4249
13 4250
13 4251
13 4252
13 4253
13 4254
13 4255
13 4256
13 4257
13 4258
13 4259
13 4260
13 4261
13 4262
13 4263
13 4264
13 4265
13 4266
13 4267
13 4268
13 4269
13 4270
13 4271
13 4272
13 4273
13 4274
13 4275
13 4276
13 4277
13 4278
13 4279
13 4280
13 4281
13 4282
13 4283
13 4284
13 4285
13 4286
13 4287
13 4288
13 4289
13 4290
13 4291
13 4292
13 4293
13 4294
13 4295
13 4296
13 4297
13 4298
13 4299
13 4300
13 4301
13 4302
13 4303
13 4304
13 4305
13 4306
13 4307
13 4308
13 4309
13 4310
13 4311
13 4312
13 4313
13 4314
13 4315
13 4316
13 4317
13 4318
13 4319
13 4320
13 4321
13 4322
13 4323
13 4324
13 4325
13 4326
13 4327
13 4328
13 4329
13 4330
13 4331
13 4332
13 4333
13 4334
13 4335
13 4336
13 4337
13 4338
13 4339
13 4340
13 4341
13 4342
13 4343
13 4344
13 4345
13 4346
13 4347
13 4348
13 4349
13 4350
13 4351
13 4352
13 4353
13 4354
13 4355
13 4356
13 4357
13 4358
13 4359
13 4360
13 4361
13 4362
13 4363
13 4364
13 4365
13 4366
13 4367
13 4368
13 4369
13 4370
13 4371
13 4372
13 4373
13 4374
13 4375
13 4376
13 4377
13 4378
13 4379
13 4380
13 4381
13 4382
13 4383
13 4384
13 4385
13 4386
13 4387
13 4388
13 4389
13 4390
13 4391
13 4392
13 4393
13 4394
13 4395
13 4396
13 4397
13 4398
13 4399
13 4400
13 4401
13 4402
13 4403
13 4404
13 4405
13 4406
13 4407
13 4408
13 4409
13 4410
13 4411
13 4412
13 4413
13 4414
13 4415
13 4416
13 4417
13 4418
13 4419
13 4420
13 4421
13 4422
13 4423
13 4424
13 4425
13 4426
13 4427
13 4428
13 4429
13 4430
13 4431
13 4432
13 4433
13 4434
13 4435
13 4436
13 4437
13 4438
13 4439
13 4440
13 4441
13 4442
13 4443
13 4444
13 4445
13 4446
13 4447
13 4448
13 4449
13 4450
13 4451
13 4452
13 4453
13 4454
13 4455
13 4456
13 4457
13 4458
13 4459
13 4460
13 4461
13 4462
13 4463
13 4464
13 4465
13 4466
13 4467
13 4468
13 4469
13 4470
13 4471
13 4472
13 4473
13 4474
13 4475
13 4476
13 4477
13 4478
13 4479
13 4480
13 4481
13 4482
13 4483
13 4484
13 4485
13 4486
13 4487
13 4488
13 4489
13 4490
13 4491
13 4492
13 4493
13 4494
13 4495
13 4496
13 4497
13 4498
13 4499
13 4500
13 4501
13 4502
13 4503
13 4504
13 4505
13 4506
13 4507
13 4508
13 4509
13 4510
13 4511
13 4512
13 4513
13 4514
13 4515
13 4516
13 4517
13 4518
13 4519
13 4520
13 4521
13 4522
13 4523
13 4524
13 4525
13 4526
13 4527
13 4528
13 4529
13 4530
13 4531
13 4532
13 4533
13 4534
13 4535
13 4536
13 4537
13 4538
13 4539
13 4540
13 4541
13 4542
13 4543
13 4544
13 4545
13 4546
13 4547
13 4548
13 4549
13 4550
13 4551
13 4552
13 4553
13 4554
13 4555
13 4556
13 4557
13 4558
13 4559
13 4560
13 4561
13 4562
13 4563
13 4564
13 4565
13 4566
13 4567
13 4568
13 4569
13 4570
13 4571
13 4572
13 4573
13 4574
13 4575
13 4576
13 4577
13 4578
13 4579
13 4580
13 4581
13 4582
13 4583
13 4584
13 4585
13 4586
13 4587
13 4588
13 4589
13 4590
13 4591
13 4592
13 4593
13 4594
13 4595
13 4596
13 4597
13 4598
13 4599
13 4600
13 4601
13 4602
13 4603
13 4604
13 4605
13 4606
13 4607
13 4608
13 4609
13 4610
13 4611
13 4612
13 4613
13 4614
13 4615
13 4616
13 4617
13 4618
13 4619
13 4620
13 4621
13 4622
13 4623
13 4624
13 4625
13 4626
13 4627
13 4628
13 4629
13 4630
13 4631
13 4632
13 4633
13 4634
13 4635
13 4636
13 4637
13 4638
13 4639
13 4640
13 4641
13 4642
13 4643
13 4644
13 4645
13 4646
13 4647
13 4648
13 4649
13 4650
13 4651
13 4652
13 4653
13 4654
13 4655
13 4656
13 4657
13 4658
13 4659
13 4660
13 4661
13 4662
13 4663
13 4664
13 4665
13 4666
13 4667
13 4668
13 4669
13 4670
13 4671
13 4672
13 4673
13 4674
13 4675
13 4676
13 4677
13 4678
13 4679
13 4680
13 4681
13 4682
13 4683
13 4684
13 4685
13 4686
13 4687
13 4688
13 4689
13 4690
13 4691
13 4692
13 4693
13 4694
13 4695
13 4696
13 4697
13 4698
13 4699
13 4700
13 4701
13 4702
13 4703
13 4704
13 4705
13 4706
13 4707
13 4708
13 4709
13 4710
13 4711
13 4712
13 4713
13 4714
13 4715
13 4716
13 4717
13 4718
13 4719
13 4720
13 4721
13 4722
8 4723
8 4724
8 4725
8 4726
8 4727
8 4728
8 4729
8 4730
8 4731
8 4732
8 4733
8 4734
8 4735
8 4736
8 4737
8 4738
8 4739
8 4740
8 4741
8 4742
8 4743
8 4744
8 4745
8 4746
8 4747
8 4748
8 4749
8 4750
8 4751
8 4752
8 4753
8 4754
8 4755
8 4756
8 4757
8 4758
8 4759
8 4760
8 4761
8 4762
8 4763
8 4764
8 4765
8 4766
8 4767
8 4768
8 4769
8 4770
8 4771
8 4772
8 4773
8 4774
8 4775
8 4776
8 4777
8 4778
8 4779
8 4780
8 4781
8 4782
8 4783
8 4784
8 4785
8 4786
8 4787
8 4788
8 4789
8 4790
8 4791
8 4792
8 4793
8 4794
8 4795
8 4796
8 4797
8 4798
8 4799
8 4800
8 4801
8 4802
8 4803
8 4804
8 4805
8 4806
8 4807
8 4808
8 4809
8 4810
8 4811
8 4812
8 4813
8 4814
8 4815
8 4816
8 4817
8 4818
8 4819
8 4820
8 4821
8 4822
8 4823
8 4824
8 4825
8 4826
8 4827
8 4828
8 4829
8 4830
8 4831
8 4832
8 4833
8 4834
8 4835
8 4836
8 4837
8 4838
8 4839
8 4840
8 4841
8 4842
8 4843
8 4844
8 4845
8 4846
8 4847
8 4848
8 4849
8 4850
8 4851
8 4852
8 4853
8 4854
8 4855
8 4856
8 4857
8 4858
8 4859
8 4860
8 4861
8 4862
8 4863
8 4864
8 4865
8 4866
8 4867
8 4868
8 4869
8 4870
8 4871
8 4872
8 4873
8 4874
8 4875
8 4876
8 4877
8 4878
8 4879
8 4880
8 4881
8 4882
8 4883
8 4884
8 4885
8 4886
8 4887
8 4888
8 4889
8 4890
8 4891
8 4892
8 4893
8 4894
8 4895
8 4896
8 4897
8 4898
8 4899
8 4900
8 4901
8 4902
8 4903
8 4904
8 4905
8 4906
8 4907
8 4908
8 4909
8 4910
8 4911
8 4912
8 4913
8 4914
8 4915
8 4916
8 4917
8 4918
8 4919
8 4920
8 4921
8 4922
8 4923
8 4924
8 4925
8 4926
8 4927
8 4928
8 4929
8 4930
8 4931
8 4932
8 4933
8 4934
8 4935
8 4936
8 4937
8 4938
8 4939
8 4940
8 4941
8 4942
8 4943
8 4944
8 4945
8 4946
8 4947
8 4948
8 4949
8 4950
8 4951
8 4952
8 4953
8 4954
8 4955
8 4956
8 4957
8 4958
8 4959
8 4960
8 4961
8 4962
8 4963
8 4964
8 4965
8 4966
8 4967
8 4968
8 4969
8 4970
8 4971
8 4972
8 4973
8 4974
8 4975
8 4976
8 4977
8 4978
8 4979
8 4980
8 4981
8 4982
8 4983
8 4984
8 4985
8 4986
8 4987
8 4988
8 4989
8 4990
8 4991
8 4992
8 4993
8 4994
8 4995
8 4996
8 4997
8 4998
8 4999
8 5000
8 5001
8 5002
8 5003
8 5004
8 5005
8 5006
8 5007
8 5008
8 5009
8 5010
8 5011
8 5012
8 5013
8 5014
8 5015
8 5016
8 5017
8 5018
8 5019
8 5020
8 5021
8 5022
8 5023
8 5024
8 5025
8 5026
8 5027
8 5028
8 5029
8 5030
8 5031
8 5032
8 5033
8 5034
8 5035
8 5036
8 5037
8 5038
8 5039
8 5040
8 5041
8 5042
8 5043
8 5044
8 5045
8 5046
8 5047
8 5048
8 5049
8 5050
8 5051
8 5052
8 5053
8 5054
8 5055
8 5056
8 5057
8 5058
8 5059
8 5060
8 5061
8 5062
8 5063
8 5064
8 5065
8 5066
8 5067
8 5068
8 5069
8 5070
8 5071
8 5072
8 5073
8 5074
8 5075
8 5076
8 5077
8 5078
8 5079
8 5080
8 5081
8 5082
8 5083
8 5084
8 5085
8 5086
8 5087
8 5088
8 5089
8 5090
8 5091
8 5092
8 5093
8 5094
8 5095
8 5096
8 5097
8 5098
8 5099
8 5100
8 5101
8 5102
8 5103
8 5104
8 5105
8 5106
8 5107
8 5108
8 5109
8 5110
8 5111
8 5112
8 5113
8 5114
8 5115
8 5116
8 5117
8 5118
8 5119
8 5120
8 5121
8 5122
8 5123
8 5124
8 5125
8 5126
8 5127
8 5128
8 5129
8 5130
8 5131
8 5132
8 5133
8 5134
8 5135
8 5136
8 5137
8 5138
8 5139
8 5140
8 5141
8 5142
8 5143
8 5144
8 5145
8 5146
8 5147
8 5148
8 5149
8 5150
8 5151
8 5152
8 5153
8 5154
8 5155
8 5156
8 5157
8 5158
8 5159
8 5160
8 5161
8 5162
8 5163
8 5164
8 5165
8 5166
8 5167
8 5168
8 5169
8 5170
8 5171
8 5172
8 5173
8 5174
8 5175
8 5176
8 5177
8 5178
8 5179
8 5180
8 5181
8 5182
8 5183
8 5184
8 5185
8 5186
8 5187
8 5188
8 5189
8 5190
8 5191
8 5192
8 5193
8 5194
8 5195
8 5196
8 5197
8 5198
8 5199
8 5200
8 5201
8 5202
8 5203
8 5204
8 5205
8 5206
8 5207
8 5208
8 5209
8 5210
8 5211
8 5212
8 5213
8 5214
8 5215
8 5216
8 5217
8 5218
8 5219
8 5220
8 5221
8 5222
8 5223
8 5224
8 5225
8 5226
8 5227
8 5228
8 5229
8 5230
8 5231
8 5232
8 5233
8 5234
8 5235
8 5236
8 5237
8 5238
8 5239
8 5240
8 5241
8 5242
8 5243
8 5244
8 5245
8 5246
8 5247
8 5248
8 5249
8 5250
8 5251
8 5252
8 5253
8 5254
8 5255
8 5256
8 5257
8 5258
8 5259
8 5260
8 5261
8 5262
8 5263
8 5264
8 5265
8 5266
8 5267
8 5268
8 5269
8 5270
8 5271
8 5272
8 5273
8 5274
8 5275
8 5276
8 5277
8 5278
8 5279
8 5280
8 5281
8 5282
8 5283
8 5284
8 5285
8 5286
8 5287
8 5288
8 5289
8 5290
8 5291
11 5292
11 5293
11 5294
11 5295
11 5296
11 5297
11 5298
11 5299
11 5300
11 5301
11 5302
11 5303
11 5304
11 5305
11 5306
11 5307
11 5308
11 5309
11 5310
11 5311
11 5312
11 5313
11 5314
11 5315
11 5316
11 5317
11 5318
11 5319
11 5320
11 5321
11 5322
11 5323
11 5324
11 5325
11 5326
11 5327
11 5328
11 5329
11 5330
11 5331
11 5332
11 5333
11 5334
11 5335
11 5336
11 5337
11 5338
11 5339
11 5340
11 5341
11 5342
11 5343
11 5344
11 5345
11 5346
11 5347
11 5348
11 5349
11 5350
11 5351
11 5352
11 5353
11 5354
11 5355
11 5356
11 5357
11 5358
11 5359
11 5360
11 5361
11 5362
11 5363
11 5364
11 5365
11 5366
11 5367
11 5368
11 5369
11 5370
11 5371
11 5372
11 5373
11 5374
11 5375
11 5376
11 5377
11 5378
11 5379
11 5380
11 5381
11 5382
11 5383
11 5384
11 5385
11 5386
11 5387
11 5388
11 5389
11 5390
11 5391
11 5392
11 5393
11 5394
11 5395
11 5396
11 5397
11 5398
11 5399
11 5400
11 5401
11 5402
11 5403
11 5404
11 5405
11 5406
11 5407
11 5408
11 5409
11 5410
11 5411
11 5412
11 5413
11 5414
11 5415
11 5416
11 5417
11 5418
11 5419
11 5420
11 5421
11 5422
11 5423
11 5424
11 5425
11 5426
11 5427
11 5428
11 5429
11 5430
11 5431
11 5432
11 5433
11 5434
11 5435
11 5436
11 5437
11 5438
11 5439
11 5440
11 5441
11 5442
11 5443
11 5444
11 5445
11 5446
11 5447
11 5448
11 5449
11 5450
11 5451
11 5452
11 5453
11 5454
11 5455
11 5456
11 5457
11 5458
11 5459
11 5460
11 5461
11 5462
11 5463
11 5464
11 5465
11 5466
11 5467
11 5468
11 5469
11 5470
11 5471
11 5472
11 5473
11 5474
11 5475
11 5476
11 5477
11 5478
11 5479
11 5480
11 5481
11 5482
11 5483
11 5484
11 5485
11 5486
11 5487
11 5488
11 5489
11 5490
11 5491
11 5492
11 5493
11 5494
11 5495
11 5496
11 5497
11 5498
11 5499
11 5500
11 5501
11 5502
11 5503
11 5504
11 5505
11 5506
11 5507
11 5508
11 5509
11 5510
11 5511
11 5512
11 5513
11 5514
11 5515
11 5516
11 5517
11 5518
11 5519
11 5520
11 5521
11 5522
11 5523
11 5524
11 5525
11 5526
11 5527
11 5528
11 5529
11 5530
11 5531
11 5532
11 5533
11 5534
11 5535
11 5536
11 5537
11 5538
11 5539
11 5540
11 5541
11 5542
11 5543
11 5544
11 5545
11 5546
11 5547
11 5548
11 5549
11 5550
11 5551
11 5552
11 5553
11 5554
11 5555
11 5556
11 5557
11 5558
11 5559
11 5560
11 5561
11 5562
11 5563
11 5564
11 5565
11 5566
11 5567
11 5568
11 5569
11 5570
11 5571
11 5572
11 5573
11 5574
11 5575
11 5576
11 5577
11 5578
11 5579
11 5580
11 5581
11 5582
11 5583
11 5584
11 5585
11 5586
11 5587
11 5588
11 5589
11 5590
11 5591
11 5592
11 5593
11 5594
11 5595
11 5596
11 5597
11 5598
11 5599
11 5600
11 5601
11 5602
11 5603
11 5604
11 5605
11 5606
11 5607
11 5608
11 5609
11 5610
11 5611
11 5612
11 5613
11 5614
11 5615
11 5616
11 5617
11 5618
11 5619
2 5620
2 5621
2 5622
2 5623
2 5624
2 5625
2 5626
2 5627
2 5628
2 5629
2 5630
2 5631
2 5632
2 5633
2 5634
2 5635
2 5636
2 5637
2 5638
2 5639
2 5640
2 5641
2 5642
2 5643
2 5644
2 5645
2 5646
2 5647
2 5648
2 5649
2 5650
2 5651
2 5652
2 5653
2 5654
2 5655
2 5656
2 5657
2 5658
2 5659
2 5660
2 5661
2 5662
2 5663
2 5664
2 5665
2 5666
2 5667
2 5668
2 5669
2 5670
2 5671
2 5672
2 5673
2 5674
2 5675
2 5676
2 5677
2 5678
2 5679
2 5680
2 5681
2 5682
2 5683
2 5684
2 5685
2 5686
2 5687
2 5688
2 5689
2 5690
2 5691
2 5692
2 5693
2 5694
2 5695
2 5696
2 5697
2 5698
2 5699
2 5700
2 5701
2 5702
2 5703
2 5704
2 5705
2 5706
2 5707
2 5708
2 5709
2 5710
2 5711
2 5712
2 5713
2 5714
2 5715
2 5716
2 5717
2 5718
2 5719
2 5720
2 5721
2 5722
2 5723
2 5724
2 5725
2 5726
2 5727
2 5728
2 5729
2 5730
2 5731
2 5732
2 5733
2 5734
2 5735
2 5736
2 5737
2 5738
2 5739
2 5740
2 5741
2 5742
2 5743
2 5744
2 5745
2 5746
2 5747
2 5748
2 5749
2 5750
2 5751
2 5752
2 5753
2 5754
2 5755
2 5756
2 5757
2 5758
2 5759
2 5760
2 5761
2 5762
2 5763
2 5764
2 5765
2 5766
2 5767
2 5768
2 5769
2 5770
2 5771
2 5772
2 5773
2 5774
2 5775
2 5776
2 5777
2 5778
2 5779
2 5780
2 5781
2 5782
2 5783
2 5784
2 5785
2 5786
2 5787
2 5788
2 5789
2 5790
2 5791
2 5792
2 5793
2 5794
2 5795
2 5796
2 5797
2 5798
2 5799
2 5800
2 5801
2 5802
2 5803
2 5804
2 5805
2 5806
2 5807
2 5808
2 5809
2 5810
2 5811
2 5812
2 5813
2 5814
2 5815
2 5816
2 5817
2 5818
2 5819
2 5820
2 5821
2 5822
2 5823
2 5824
2 5825
2 5826
2 5827
2 5828
2 5829
2 5830
2 5831
2 5832
2 5833
2 5834
2 5835
2 5836
2 5837
2 5838
2 5839
5 5840
5 5841
5 5842
5 5843
5 5844
5 5845
5 5846
5 5847
5 5848
5 5849
5 5850
5 5851
5 5852
5 5853
5 5854
5 5855
5 5856
5 5857
5 5858
5 5859
5 5860
5 5861
5 5862
5 5863
5 5864
5 5865
5 5866
5 5867
5 5868
5 5869
5 5870
5 5871
5 5872
5 5873
5 5874
5 5875
5 5876
5 5877
5 5878
5 5879
5 5880
5 5881
5 5882
5 5883
5 5884
5 5885
5 5886
5 5887
5 5888
5 5889
5 5890
5 5891
5 5892
5 5893
5 5894
5 5895
5 5896
5 5897
5 5898
5 5899
5 5900
5 5901
5 5902
5 5903
5 5904
5 5905
5 5906
5 5907
5 5908
5 5909
5 5910
5 5911
5 5912
5 5913
5 5914
5 5915
5 5916
5 5917
5 5918
5 5919
5 5920
5 5921
5 5922
5 5923
5 5924
5 5925
5 5926
5 5927
5 5928
5 5929
5 5930
5 5931
5 5932
5 5933
5 5934
5 5935
5 5936
5 5937
5 5938
5 5939
5 5940
5 5941
5 5942
5 5943
5 5944
5 5945
5 5946
5 5947
5 5948
5 5949
5 5950
5 5951
5 5952
5 5953
5 5954
5 5955
5 5956
5 5957
5 5958
5 5959
5 5960
5 5961
5 5962
5 5963
5 5964
5 5965
5 5966
5 5967
5 5968
5 5969
5 5970
5 5971
5 5972
5 5973
5 5974
5 5975
5 5976
5 5977
5 5978
5 5979
5 5980
5 5981
5 5982
5 5983
5 5984
5 5985
5 5986
5 5987
5 5988
5 5989
5 5990
5 5991
5 5992
5 5993
5 5994
5 5995
5 5996
5 5997
5 5998
5 5999
5 6000
5 6001
5 6002
5 6003
5 6004
5 6005
5 6006
5 6007
5 6008
5 6009
5 6010
5 6011
5 6012
5 6013
5 6014
5 6015
5 6016
5 6017
5 6018
5 6019
5 6020
5 6021
5 6022
5 6023
5 6024
5 6025
5 6026
5 6027
5 6028
5 6029
5 6030
5 6031
5 6032
5 6033
5 6034
5 6035
5 6036
5 6037
5 6038
5 6039
5 6040
5 6041
5 6042
5 6043
5 6044
5 6045
5 6046
5 6047
5 6048
5 6049
5 6050
5 6051
5 6052
5 6053
5 6054
5 6055
5 6056
5 6057
5 6058
5 6059
5 6060
5 6061
5 6062
5 6063
5 6064
5 6065
5 6066
5 6067
5 6068
5 6069
5 6070
5 6071
5 6072
5 6073
5 6074
5 6075
5 6076
5 6077
5 6078
5 6079
5 6080
5 6081
5 6082
5 6083
5 6084
5 6085
5 6086
5 6087
5 6088
5 6089
5 6090
5 6091
5 6092
5 6093
5 6094
5 6095
5 6096
5 6097
5 6098
5 6099
5 6100
5 6101
5 6102
5 6103
5 6104
5 6105
5 6106
5 6107
5 6108
5 6109
5 6110
5 6111
5 6112
5 6113
5 6114
5 6115
5 6116
5 6117
5 6118
5 6119
5 6120
5 6121
5 6122
5 6123
5 6124
5 6125
5 6126
5 6127
5 6128
5 6129
5 6130
5 6131
5 6132
5 6133
5 6134
5 6135
5 6136
5 6137
5 6138
5 6139
5 6140
5 6141
5 6142
5 6143
5 6144
5 6145
5 6146
5 6147
5 6148
5 6149
5 6150
5 6151
5 6152
5 6153
5 6154
5 6155
5 6156
5 6157
5 6158
5 6159
5 6160
5 6161
5 6162
5 6163
5 6164
5 6165
5 6166
5 6167
5 6168
5 6169
5 6170
5 6171
5 6172
5 6173
5 6174
5 6175
5 6176
5 6177
5 6178
5 6179
5 6180
5 6181
5 6182
5 6183
5 6184
5 6185
5 6186
5 6187
5 6188
5 6189
5 6190
5 6191
5 6192
5 6193
5 6194
5 6195
5 6196
5 6197
5 6198
5 6199
5 6200
5 6201
5 6202
5 6203
5 6204
5 6205
5 6206
5 6207
5 6208
5 6209
5 6210
5 6211
5 6212
5 6213
5 6214
5 6215
5 6216
5 6217
5 6218
5 6219
5 6220
5 6221
5 6222
5 6223
5 6224
5 6225
5 6226
5 6227
5 6228
5 6229
5 6230
5 6231
5 6232
5 6233
5 6234
5 6235
5 6236
5 6237
5 6238
5 6239
5 6240
5 6241
5 6242
5 6243
5 6244
5 6245
5 6246
5 6247
5 6248
5 6249
5 6250
5 6251
5 6252
5 6253
5 6254
5 6255
5 6256
5 6257
5 6258
5 6259
5 6260
5 6261
5 6262
5 6263
5 6264
5 6265
5 6266
5 6267
5 6268
5 6269
5 6270
5 6271
5 6272
5 6273
5 6274
5 6275
5 6276
5 6277
5 6278
5 6279
5 6280
5 6281
5 6282
5 6283
5 6284
5 6285
5 6286
5 6287
5 6288
5 6289
5 6290
5 6291
5 6292
5 6293
5 6294
5 6295
5 6296
5 6297
5 6298
5 6299
5 6300
5 6301
5 6302
5 6303
5 6304
5 6305
5 6306
5 6307
5 6308
5 6309
5 6310
5 6311
5 6312
5 6313
5 6314
5 6315
5 6316
5 6317
5 6318
5 6319
5 6320
5 6321
5 6322
5 6323
5 6324
5 6325
5 6326
5 6327
5 6328
5 6329
5 6330
5 6331
5 6332
5 6333
5 6334
5 6335
5 6336
5 6337
5 6338
5 6339
5 6340
5 6341
5 6342
5 6343
5 6344
5 6345
5 6346
5 6347
5 6348
5 6349
5 6350
5 6351
5 6352
5 6353
5 6354
5 6355
5 6356
5 6357
5 6358
5 6359
5 6360
5 6361
5 6362
5 6363
5 6364
5 6365
5 6366
5 6367
5 6368
5 6369
5 6370
5 6371
5 6372
5 6373
5 6374
5 6375
5 6376
5 6377
5 6378
5 6379
5 6380
5 6381
5 6382
5 6383
5 6384
5 6385
5 6386
5 6387
5 6388
5 6389
5 6390
5 6391
5 6392
5 6393
5 6394
5 6395
5 6396
5 6397
5 6398
5 6399
5 6400
5 6401
5 6402
5 6403
5 6404
5 6405
5 6406
5 6407
5 6408
5 6409
5 6410
5 6411
5 6412
5 6413
5 6414
5 6415
5 6416
5 6417
5 6418
5 6419
5 6420
5 6421
5 6422
5 6423
5 6424
5 6425
5 6426
5 6427
5 6428
5 6429
5 6430
5 6431
5 6432
5 6433
5 6434
5 6435
5 6436
5 6437
5 6438
5 6439
5 6440
5 6441
5 6442
5 6443
5 6444
5 6445
5 6446
5 6447
5 6448
5 6449
5 6450
5 6451
5 6452
5 6453
5 6454
5 6455
5 6456
5 6457
5 6458
5 6459
5 6460
5 6461
5 6462
5 6463
5 6464
5 6465
5 6466
5 6467
5 6468
5 6469
5 6470
5 6471
5 6472
5 6473
5 6474
5 6475
5 6476
5 6477
5 6478
5 6479
5 6480
5 6481
5 6482
5 6483
5 6484
5 6485
5 6486
5 6487
5 6488
5 6489
5 6490
5 6491
5 6492
5 6493
5 6494
5 6495
5 6496
5 6497
5 6498
5 6499
5 6500
5 6501
5 6502
5 6503
5 6504
5 6505
5 6506
5 6507
5 6508
5 6509
5 6510
5 6511
5 6512
5 6513
5 6514
5 6515
5 6516
5 6517
5 6518
5 6519
5 6520
5 6521
5 6522
5 6523
5 6524
5 6525
5 6526
5 6527
5 6528
5 6529
5 6530
5 6531
5 6532
5 6533
5 6534
5 6535
5 6536
5 6537
5 6538
5 6539
5 6540
5 6541
5 6542
5 6543
5 6544
5 6545
5 6546
5 6547
5 6548
5 6549
5 6550
5 6551
5 6552
5 6553
5 6554
5 6555
5 6556
5 6557
5 6558
5 6559
5 6560
5 6561
5 6562
5 6563
5 6564
5 6565
5 6566
5 6567
5 6568
5 6569
5 6570
5 6571
5 6572
5 6573
5 6574
5 6575
5 6576
5 6577
5 6578
5 6579
5 6580
5 6581
5 6582
5 6583
5 6584
5 6585
5 6586
5 6587
5 6588
5 6589
5 6590
5 6591
5 6592
5 6593
5 6594
5 6595
5 6596
5 6597
5 6598
5 6599
5 6600
5 6601
5 6602
5 6603
5 6604
5 6605
5 6606
5 6607
5 6608
5 6609
5 6610
5 6611
5 6612
5 6613
5 6614
5 6615
5 6616
5 6617
5 6618
5 6619
5 6620
5 6621
5 6622
5 6623
5 6624
5 6625
5 6626
5 6627
5 6628
5 6629
5 6630
5 6631
5 6632
5 6633
5 6634
5 6635
5 6636
5 6637
5 6638
5 6639
5 6640
5 6641
5 6642
5 6643
5 6644
5 6645
5 6646
5 6647
5 6648
5 6649
5 6650
5 6651
5 6652
5 6653
5 6654
5 6655
5 6656
5 6657
5 6658
5 6659
5 6660
5 6661
5 6662
5 6663
5 6664
5 6665
5 6666
5 6667
5 6668
5 6669
5 6670
5 6671
5 6672
5 6673
5 6674
5 6675
5 6676
5 6677
5 6678
5 6679
5 6680
5 6681
5 6682
5 6683
5 6684
5 6685
5 6686
5 6687
5 6688
5 6689
5 6690
5 6691
5 6692
5 6693
5 6694
5 6695
5 6696
5 6697
5 6698
5 6699
5 6700
5 6701
5 6702
5 6703
5 6704
5 6705
5 6706
5 6707
5 6708
5 6709
5 6710
5 6711
5 6712
5 6713
5 6714
5 6715
5 6716
5 6717
5 6718
5 6719
5 6720
5 6721
5 6722
5 6723
5 6724
5 6725
5 6726
5 6727
5 6728
5 6729
5 6730
5 6731
5 6732
5 6733
5 6734
5 6735
5 6736
5 6737
5 6738
5 6739
5 6740
5 6741
5 6742
5 6743
5 6744
5 6745
5 6746
5 6747
5 6748
5 6749
5 6750
5 6751
5 6752
5 6753
5 6754
5 6755
5 6756
5 6757
5 6758
5 6759
5 6760
5 6761
5 6762
5 6763
5 6764
5 6765
5 6766
5 6767
5 6768
5 6769
5 6770
5 6771
5 6772
5 6773
5 6774
5 6775
5 6776
5 6777
5 6778
5 6779
5 6780
5 6781
5 6782
5 6783
5 6784
5 6785
5 6786
5 6787
5 6788
5 6789
5 6790
5 6791
5 6792
5 6793
5 6794
5 6795
5 6796
5 6797
5 6798
5 6799
5 6800
5 6801
5 6802
5 6803
5 6804
5 6805
5 6806
5 6807
5 6808
5 6809
5 6810
5 6811
5 6812
5 6813
5 6814
5 6815
5 6816
5 6817
5 6818
5 6819
5 6820
5 6821
5 6822
5 6823
5 6824
5 6825
5 6826
5 6827
5 6828
5 6829
5 6830
5 6831
5 6832
5 6833
5 6834
5 6835
5 6836
5 6837
5 6838
5 6839
5 6840
5 6841
5 6842
5 6843
5 6844
5 6845
5 6846
5 6847
5 6848
5 6849
5 6850
5 6851
5 6852
5 6853
5 6854
5 6855
5 6856
5 6857
5 6858
5 6859
5 6860
5 6861
5 6862
5 6863
5 6864
5 6865
5 6866
5 6867
5 6868
5 6869
5 6870
5 6871
5 6872
5 6873
5 6874
5 6875
5 6876
5 6877
5 6878
5 6879
5 6880
5 6881
5 6882
5 6883
1 6884
1 6885
1 6886
1 6887
1 6888
1 6889
1 6890
1 6891
1 6892
1 6893
1 6894
1 6895
1 6896
1 6897
1 6898
1 6899
1 6900
1 6901
1 6902
1 6903
1 6904
1 6905
1 6906
1 6907
1 6908
1 6909
1 6910
1 6911
1 6912
1 6913
1 6914
1 6915
1 6916
1 6917
1 6918
1 6919
1 6920
1 6921
1 6922
1 6923
1 6924
1 6925
1 6926
1 6927
1 6928
1 6929
1 6930
1 6931
1 6932
1 6933
1 6934
1 6935
1 6936
1 6937
1 6938
1 6939
1 6940
1 6941
1 6942
1 6943
1 6944
1 6945
1 6946
1 6947
1 6948
1 6949
1 6950
1 6951
1 6952
1 6953
1 6954
1 6955
1 6956
1 6957
1 6958
1 6959
1 6960
1 6961
1 6962
1 6963
1 6964
1 6965
1 6966
1 6967
1 6968
1 6969
1 6970
1 6971
1 6972
1 6973
1 6974
1 6975
1 6976
1 6977
1 6978
1 6979
1 6980
1 6981
1 6982
1 6983
1 6984
1 6985
1 6986
1 6987
1 6988
1 6989
1 6990
1 6991
1 6992
1 6993
1 6994
1 6995
1 6996
1 6997
1 6998
1 6999
1 7000
1 7001
1 7002
1 7003
1 7004
1 7005
1 7006
1 7007
1 7008
1 7009
1 7010
1 7011
1 7012
1 7013
1 7014
1 7015
1 7016
1 7017
1 7018
1 7019
1 7020
1 7021
1 7022
1 7023
1 7024
1 7025
1 7026
1 7027
1 7028
1 7029
1 7030
1 7031
1 7032
1 7033
1 7034
1 7035
1 7036
1 7037
1 7038
1 7039
1 7040
1 7041
1 7042
1 7043
1 7044
1 7045
1 7046
1 7047
1 7048
1 7049
1 7050
1 7051
1 7052
1 7053
1 7054
1 7055
1 7056
1 7057
1 7058
1 7059
1 7060
1 7061
1 7062
1 7063
1 7064
1 7065
1 7066
1 7067
1 7068
1 7069
1 7070
1 7071
1 7072
1 7073
1 7074
1 7075
1 7076
1 7077
1 7078
1 7079
1 7080
1 7081
1 7082
1 7083
1 7084
1 7085
1 7086
1 7087
1 7088
1 7089
1 7090
1 7091
1 7092
1 7093
1 7094
1 7095
1 7096
1 7097
1 7098
1 7099
1 7100
1 7101
1 7102
1 7103
1 7104
1 7105
1 7106
1 7107
1 7108
1 7109
1 7110
1 7111
1 7112
1 7113
1 7114
1 7115
1 7116
1 7117
1 7118
1 7119
1 7120
1 7121
1 7122
1 7123
1 7124
1 7125
1 7126
1 7127
1 7128
1 7129
1 7130
1 7131
1 7132
1 7133
1 7134
1 7135
1 7136
1 7137
1 7138
1 7139
1 7140
1 7141
1 7142
1 7143
1 7144
1 7145
1 7146
1 7147
1 7148
1 7149
1 7150
1 7151
1 7152
1 7153
1 7154
1 7155
1 7156
1 7157
1 7158
1 7159
1 7160
1 7161
1 7162
1 7163
1 7164
1 7165
1 7166
1 7167
1 7168
1 7169
1 7170
1 7171
1 7172
1 7173
1 7174
1 7175
1 7176
1 7177
1 7178
1 7179
1 7180
1 7181
1 7182
1 7183
1 7184
1 7185
1 7186
1 7187
1 7188
1 7189
1 7190
1 7191
1 7192
1 7193
1 7194
1 7195
1 7196
1 7197
1 7198
1 7199
1 7200
1 7201
1 7202
1 7203
1 7204
1 7205
1 7206
1 7207
1 7208
1 7209
1 7210
1 7211
1 7212
1 7213
1 7214
1 7215
1 7216
1 7217
1 7218
1 7219
1 7220
1 7221
1 7222
1 7223
1 7224
1 7225
1 7226
1 7227
1 7228
1 7229
1 7230
1 7231
1 7232
1 7233
1 7234
1 7235
1 7236
1 7237
1 7238
1 7239
1 7240
1 7241
1 7242
1 7243
1 7244
1 7245
1 7246
1 7247
1 7248
1 7249
1 7250
1 7251
1 7252
1 7253
1 7254
1 7255
1 7256
1 7257
1 7258
1 7259
1 7260
1 7261
1 7262
1 7263
1 7264
1 7265
1 7266
1 7267
1 7268
1 7269
1 7270
1 7271
1 7272
1 7273
1 7274
1 7275
1 7276
1 7277
1 7278
1 7279
1 7280
1 7281
1 7282
1 7283
1 7284
1 7285
1 7286
1 7287
1 7288
1 7289
1 7290
1 7291
1 7292
1 7293
1 7294
1 7295
1 7296
1 7297
1 7298
1 7299
1 7300
1 7301
1 7302
1 7303
1 7304
1 7305
1 7306
1 7307
1 7308
1 7309
1 7310
1 7311
1 7312
1 7313
1 7314
1 7315
1 7316
1 7317
1 7318
1 7319
1 7320
1 7321
1 7322
1 7323
1 7324
1 7325
1 7326
1 7327
1 7328
1 7329
1 7330
1 7331
1 7332
1 7333
1 7334
1 7335
1 7336
1 7337
1 7338
1 7339
1 7340
1 7341
1 7342
1 7343
1 7344
1 7345
1 7346
1 7347
1 7348
1 7349
1 7350
1 7351
1 7352
1 7353
1 7354
1 7355
1 7356
1 7357
1 7358
1 7359
1 7360
1 7361
1 7362
1 7363
1 7364
1 7365
1 7366
1 7367
1 7368
1 7369
1 7370
1 7371
1 7372
1 7373
1 7374
1 7375
1 7376
1 7377
1 7378
1 7379
1 7380
1 7381
1 7382
1 7383
1 7384
1 7385
1 7386
1 7387
1 7388
1 7389
1 7390
1 7391
1 7392
1 7393
1 7394
1 7395
1 7396
1 7397
1 7398
1 7399
1 7400
1 7401
1 7402
1 7403
1 7404
1 7405
1 7406
1 7407
1 7408
1 7409
1 7410
1 7411
1 7412
1 7413
1 7414
1 7415
1 7416
1 7417
1 7418
1 7419
1 7420
1 7421
1 7422
1 7423
1 7424
1 7425
1 7426
1 7427
1 7428
1 7429
1 7430
1 7431
1 7432
1 7433
1 7434
1 7435
1 7436
1 7437
1 7438
1 7439
1 7440
1 7441
1 7442
1 7443
1 7444
1 7445
1 7446
1 7447
1 7448
1 7449
1 7450
1 7451
1 7452
1 7453
1 7454
1 7455
1 7456
1 7457
1 7458
1 7459
1 7460
1 7461
1 7462
1 7463
1 7464
1 7465
1 7466
1 7467
1 7468
1 7469
1 7470
1 7471
1 7472
1 7473
1 7474
1 7475
1 7476
1 7477
1 7478
1 7479
1 7480
1 7481
1 7482
1 7483
1 7484
1 7485
1 7486
1 7487
1 7488
1 7489
1 7490
1 7491
1 7492
1 7493
1 7494
1 7495
1 7496
1 7497
1 7498
1 7499
1 7500
1 7501
1 7502
1 7503
1 7504
1 7505
1 7506
1 7507
1 7508
1 7509
1 7510
1 7511
1 7512
1 7513
1 7514
1 7515
1 7516
1 7517
1 7518
1 7519
1 7520
1 7521
1 7522
1 7523
1 7524
1 7525
1 7526
1 7527
12 7528
12 7529
12 7530
12 7531
12 7532
12 7533
12 7534
12 7535
12 7536
12 7537
12 7538
12 7539
12 7540
12 7541
12 7542
12 7543
12 7544
12 7545
12 7546
12 7547
12 7548
12 7549
12 7550
12 7551
12 7552
12 7553
12 7554
12 7555
12 7556
12 7557
12 7558
12 7559
12 7560
12 7561
12 7562
12 7563
12 7564
12 7565
12 7566
12 7567
12 7568
12 7569
12 7570
12 7571
12 7572
12 7573
12 7574
12 7575
12 7576
12 7577
12 7578
12 7579
12 7580
12 7581
12 7582
12 7583
12 7584
12 7585
12 7586
12 7587
12 7588
12 7589
12 7590
12 7591
12 7592
12 7593
12 7594
12 7595
12 7596
12 7597
12 7598
12 7599
12 7600
12 7601
12 7602
12 7603
12 7604
12 7605
12 7606
12 7607
12 7608
12 7609
12 7610
12 7611
12 7612
12 7613
12 7614
12 7615
12 7616
12 7617
12 7618
12 7619
12 7620
12 7621
12 7622
12 7623
12 7624
12 7625
12 7626
12 7627
12 7628
12 7629
12 7630
12 7631
12 7632
12 7633
12 7634
12 7635
12 7636
12 7637
12 7638
12 7639
12 7640
12 7641
12 7642
12 7643
12 7644
12 7645
12 7646
12 7647
12 7648
12 7649
12 7650
12 7651
12 7652
12 7653
12 7654
12 7655
12 7656
12 7657
12 7658
12 7659
12 7660
12 7661
12 7662
12 7663
12 7664
12 7665
12 7666
12 7667
12 7668
12 7669
12 7670
12 7671
12 7672
12 7673
12 7674
12 7675
12 7676
12 7677
12 7678
12 7679
12 7680
12 7681
12 7682
12 7683
12 7684
12 7685
12 7686
12 7687
12 7688
12 7689
12 7690
12 7691
12 7692
12 7693
12 7694
12 7695
12 7696
12 7697
0 7698
0 7699
0 7700
0 7701
0 7702
0 7703
0 7704
0 7705
0 7706
0 7707
0 7708
0 7709
0 7710
0 7711
0 7712
0 7713
0 7714
0 7715
0 7716
0 7717
0 7718
0 7719
0 7720
0 7721
0 7722
0 7723
0 7724
0 7725
0 7726
0 7727
0 7728
0 7729
0 7730
0 7731
0 7732
0 7733
0 7734
0 7735
0 7736
0 7737
0 7738
0 7739
0 7740
0 7741
0 7742
0 7743
0 7744
0 7745
0 7746
0 7747
0 7748
0 7749
0 7750
0 7751
0 7752
0 7753
0 7754
0 7755
0 7756
0 7757
0 7758
0 7759
0 7760
0 7761
0 7762
0 7763
0 7764
0 7765
0 7766
0 7767
0 7768
0 7769
0 7770
0 7771
0 7772
0 7773
0 7774
0 7775
0 7776
0 7777
0 7778
0 7779
0 7780
0 7781
0 7782
0 7783
0 7784
0 7785
0 7786
0 7787
0 7788
0 7789
0 7790
0 7791
0 7792
0 7793
0 7794
0 7795
0 7796
0 7797
0 7798
0 7799
0 7800
0 7801
0 7802
0 7803
0 7804
0 7805
0 7806
0 7807
0 7808
0 7809
0 7810
0 7811
0 7812
0 7813
0 7814
0 7815
0 7816
0 7817
0 7818
0 7819
0 7820
0 7821
0 7822
0 7823
0 7824
0 7825
0 7826
0 7827
0 7828
0 7829
0 7830
0 7831
0 7832
0 7833
0 7834
0 7835
0 7836
0 7837
0 7838
0 7839
0 7840
0 7841
0 7842
0 7843
0 7844
0 7845
0 7846
0 7847
0 7848
0 7849
0 7850
0 7851
0 7852
0 7853
0 7854
0 7855
0 7856
0 7857
0 7858
0 7859
0 7860
0 7861
0 7862
0 7863
0 7864
0 7865
0 7866
0 7867
0 7868
0 7869
0 7870
0 7871
0 7872
0 7873
0 7874
0 7875
0 7876
0 7877
0 7878
0 7879
0 7880
0 7881
0 7882
0 7883
0 7884
0 7885
0 7886
0 7887
0 7888
0 7889
0 7890
0 7891
0 7892
0 7893
0 7894
0 7895
0 7896
0 7897
0 7898
0 7899
0 7900
0 7901
0 7902
0 7903
0 7904
0 7905
0 7906
0 7907
0 7908
0 7909
0 7910
0 7911
0 7912
0 7913
0 7914
0 7915
0 7916
0 7917
0 7918
0 7919
0 7920
0 7921
0 7922
0 7923
0 7924
0 7925
0 7926
0 7927
0 7928
0 7929
0 7930
0 7931
0 7932
0 7933
0 7934
0 7935
0 7936
0 7937
0 7938
0 7939
0 7940
0 7941
0 7942
0 7943
0 7944
0 7945
0 7946
0 7947
0 7948
0 7949
0 7950
0 7951
0 7952
0 7953
0 7954
0 7955
0 7956
0 7957
0 7958
0 7959
0 7960
0 7961
0 7962
0 7963
0 7964
0 7965
0 7966
0 7967
0 7968
0 7969
0 7970
0 7971
0 7972
0 7973
0 7974
0 7975
0 7976
0 7977
0 7978
0 7979
0 7980
0 7981
0 7982
0 7983
0 7984
0 7985
0 7986
0 7987
0 7988
0 7989
0 7990
0 7991
0 7992
0 7993
0 7994
0 7995
0 7996
0 7997
0 7998
0 7999
0 8000
0 8001
0 8002
0 8003
0 8004
0 8005
0 8006
0 8007
0 8008
0 8009
0 8010
0 8011
0 8012
0 8013
0 8014
0 8015
0 8016
0 8017
0 8018
0 8019
0 8020
0 8021
0 8022
0 8023
0 8024
0 8025
0 8026
0 8027
0 8028
0 8029
0 8030
0 8031
0 8032
0 8033
0 8034
0 8035
0 8036
0 8037
0 8038
0 8039
0 8040
0 8041
0 8042
0 8043
0 8044
0 8045
0 8046
0 8047
0 8048
0 8049
0 8050
0 8051
0 8052
0 8053
0 8054
0 8055
0 8056
0 8057
0 8058
0 8059
0 8060
0 8061
0 8062
0 8063
0 8064
0 8065
0 8066
0 8067
0 8068
0 8069
0 8070
0 8071
0 8072
0 8073
0 8074
0 8075
0 8076
0 8077
0 8078
0 8079
0 8080
0 8081
0 8082
0 8083
0 8084
0 8085
0 8086
0 8087
0 8088
0 8089
0 8090
0 8091
0 8092
0 8093
0 8094
0 8095
0 8096
0 8097
0 8098
0 8099
0 8100
0 8101
0 8102
0 8103
0 8104
0 8105
0 8106
0 8107
0 8108
0 8109
0 8110
0 8111
0 8112
0 8113
0 8114
0 8115
0 8116
0 8117
0 8118
0 8119
0 8120
0 8121
0 8122
0 8123
0 8124
0 8125
0 8126
0 8127
0 8128
0 8129
0 8130
0 8131
0 8132
0 8133
0 8134
0 8135
0 8136
0 8137
0 8138
0 8139
0 8140
0 8141
0 8142
0 8143
0 8144
0 8145
0 8146
0 8147
0 8148
0 8149
0 8150
0 8151
0 8152
0 8153
0 8154
0 8155
0 8156
0 8157
0 8158
0 8159
0 8160
0 8161
0 8162
0 8163
0 8164
0 8165
0 8166
0 8167
0 8168
0 8169
0 8170
0 8171
0 8172
0 8173
0 8174
0 8175
0 8176
0 8177
0 8178
0 8179
0 8180
0 8181
0 8182
0 8183
0 8184
0 8185
0 8186
0 8187
0 8188
0 8189
0 8190
0 8191
0 8192
0 8193
0 8194
0 8195
0 8196
0 8197
0 8198
0 8199
0 8200
0 8201
0 8202
0 8203
0 8204
0 8205
0 8206
0 8207
0 8208
0 8209
0 8210
0 8211
0 8212
0 8213
0 8214
0 8215
0 8216
0 8217
0 8218
0 8219
0 8220
0 8221
0 8222
0 8223
0 8224
0 8225
0 8226
0 8227
0 8228
0 8229
0 8230
0 8231
0 8232
0 8233
0 8234
0 8235
0 8236
0 8237
0 8238
0 8239
0 8240
0 8241
0 8242
0 8243
0 8244
0 8245
0 8246
0 8247
0 8248
0 8249
0 8250
0 8251
0 8252
0 8253
0 8254
0 8255
0 8256
0 8257
0 8258
0 8259
0 8260
0 8261
0 8262
0 8263
0 8264
0 8265
0 8266
0 8267
0 8268
0 8269
0 8270
0 8271
0 8272
0 8273
0 8274
0 8275
0 8276
0 8277
0 8278
0 8279
0 8280
0 8281
0 8282
0 8283
0 8284
0 8285
0 8286
0 8287
0 8288
0 8289
0 8290
0 8291
0 8292
0 8293
0 8294
0 8295
0 8296
0 8297
0 8298
0 8299
0 8300
0 8301
0 8302
0 8303
0 8304
0 8305
0 8306
0 8307
0 8308
0 8309
0 8310
0 8311
0 8312
0 8313
0 8314
0 8315
0 8316
0 8317
0 8318
0 8319
0 8320
0 8321
0 8322
0 8323
0 8324
0 8325
0 8326
0 8327
0 8328
0 8329
0 8330
0 8331
0 8332
0 8333
0 8334
0 8335
0 8336
0 8337
0 8338
0 8339
0 8340
0 8341
0 8342
0 8343
0 8344
0 8345
0 8346
0 8347
0 8348
0 8349
0 8350
0 8351
0 8352
0 8353
0 8354
0 8355
0 8356
0 8357
0 8358
0 8359
0 8360
0 8361
0 8362
0 8363
0 8364
0 8365
0 8366
0 8367
0 8368
0 8369
0 8370
0 8371
0 8372
0 8373
0 8374
0 8375
0 8376
0 8377
0 8378
0 8379
0 8380
0 8381
0 8382
0 8383
0 8384
0 8385
