0 2951
1 1558
2 753
3 3363
4 471
5 1049
6 1824
7 2276
8 80
9 3458
10 974
11 3752
12 149
13 1100
14 588
15 2695
16 547
17 3049
18 2923
19 3499
20 1801
21 73
22 3541
23 1919
24 875
25 1545
26 2803
27 2453
28 3026
29 970
30 3190
31 3639
32 3021
33 2295
34 862
35 711
36 393
37 3029
38 1908
39 2377
40 3882
41 885
42 508
43 2268
44 3655
45 202
46 998
47 3045
48 3983
49 1576
50 331
51 3366
52 3716
53 2957
54 667
55 139
56 3896
57 2704
58 1101
59 201
60 3786
61 825
62 2956
63 2728
64 1812
65 2019
66 1182
67 3912
68 795
69 1720
70 1118
71 3970
72 3143
73 808
74 4035
75 3063
76 1226
77 728
78 2413
79 1941
80 3164
81 1562
82 1255
83 1162
84 1492
85 69
86 833
87 1707
88 2880
89 207
90 2672
91 845
92 3680
93 2176
94 480
95 616
96 1238
97 2971
98 2642
99 3440
100 1001
101 2352
102 427
103 3192
104 553
105 3056
106 1534
107 310
108 2709
109 70
110 1550
111 1851
112 640
113 3595
114 713
115 977
116 3082
117 2030
118 3345
119 1109
120 2533
121 3380
122 31
123 2323
124 1469
125 1194
126 2489
127 1217
128 1586
129 800
130 2851
131 2759
132 839
133 3121
134 152
135 3746
136 253
137 3170
138 2237
139 592
140 3566
141 2858
142 22
143 2226
144 1047
145 2061
146 832
147 2775
148 2998
149 3243
150 535
151 987
152 2150
153 2570
154 227
155 1555
156 818
157 1006
158 2094
159 1755
160 1954
161 3521
162 1348
163 1209
164 3043
165 1588
166 1491
167 3919
168 1681
169 3473
170 329
171 3974
172 386
173 1577
174 137
175 1106
176 3076
177 2878
178 982
179 3616
180 3973
181 3356
182 1661
183 396
184 1980
185 3292
186 3602
187 3804
188 1859
189 3933
190 722
191 7
192 3198
193 3949
194 598
195 1725
196 1221
197 2952
198 1150
199 1307
200 2636
201 1053
202 764
203 389
204 575
205 3651
206 62
207 645
208 402
209 1503
210 1264
211 1275
212 1105
213 3646
214 26
215 289
216 3208
217 1874
218 265
219 1986
220 3490
221 186
222 1837
223 1977
224 828
225 3299
226 3996
227 3841
228 838
229 1240
230 2365
231 3257
232 2390
233 1741
234 3395
235 304
236 1679
237 3584
238 3106
239 3096
240 1432
241 2968
242 1989
243 4027
244 269
245 217
246 1898
247 3294
248 3103
249 3843
250 2129
251 1845
252 3829
253 3361
254 865
255 2349
256 3310
257 618
258 5
259 1211
260 4012
261 1120
262 2343
263 1909
264 2132
265 2603
266 2221
267 1034
268 221
269 3165
270 2819
271 3131
272 1827
273 2209
274 25
275 844
276 3875
277 3382
278 3645
279 3698
280 3507
281 1765
282 1822
283 2124
284 3658
285 1262
286 2060
287 1052
288 3260
289 1306
290 1470
291 3689
292 2821
293 3855
294 3683
295 1369
296 3219
297 1495
298 947
299 2619
300 3975
301 2082
302 681
303 2261
304 2064
305 889
306 2875
307 3428
308 1784
309 3360
310 2292
311 2886
312 1108
313 1880
314 3961
315 2866
316 525
317 1751
318 3540
319 2450
320 3633
321 3636
322 438
323 2902
324 453
325 2346
326 857
327 324
328 1654
329 900
330 3328
331 1780
332 2654
333 1024
334 2580
335 3535
336 3767
337 3055
338 1825
339 3417
340 1749
341 1648
342 3250
343 3427
344 2029
345 724
346 3466
347 2117
348 1591
349 3138
350 3715
351 1597
352 1598
353 3734
354 1535
355 1077
356 1239
357 3298
358 849
359 4043
360 1657
361 1412
362 1294
363 2676
364 1792
365 2887
366 2275
367 1435
368 3761
369 2154
370 1136
371 2864
372 2239
373 300
374 3944
375 1471
376 2184
377 3457
378 3254
379 1564
380 1946
381 3204
382 3485
383 3997
384 2355
385 2607
386 3097
387 1567
388 3736
389 2196
390 683
391 205
392 1111
393 3854
394 45
395 264
396 1329
397 2527
398 3619
399 1213
400 1445
401 3713
402 4036
403 1130
404 3940
405 1161
406 3022
407 1421
408 891
409 2289
410 2689
411 3925
412 1032
413 1434
414 608
415 2344
416 3702
417 796
418 3699
419 2606
420 1684
421 3240
422 3491
423 3102
424 707
425 2771
426 691
427 2477
428 1499
429 2748
430 1699
431 2440
432 3871
433 1309
434 3662
435 3046
436 343
437 164
438 2088
439 2690
440 476
441 3534
442 3842
443 1728
444 3641
445 1655
446 3272
447 2721
448 2424
449 210
450 185
451 2078
452 913
453 3673
454 578
455 1463
456 2869
457 2691
458 806
459 3930
460 2240
461 2601
462 3453
463 548
464 1617
465 1570
466 1590
467 3166
468 2609
469 3774
470 967
471 3858
472 2376
473 284
474 613
475 215
476 3818
477 114
478 462
479 1951
480 1560
481 2274
482 1439
483 1791
484 1363
485 1757
486 2910
487 3159
488 2937
489 3714
490 211
491 1311
492 3023
493 3990
494 3060
495 3163
496 3079
497 781
498 3100
499 3236
500 2804
501 1403
502 1102
503 3291
504 1663
505 1010
506 1465
507 225
508 2600
509 3508
510 583
511 116
512 1789
513 1752
514 165
515 3330
516 778
517 3906
518 2245
519 1254
520 2983
521 2193
522 260
523 1055
524 1349
525 3386
526 626
527 391
528 3035
529 2070
530 1595
531 2596
532 859
533 3016
534 448
535 1419
536 3782
537 743
538 3905
539 3624
540 950
541 247
542 446
543 1506
544 2223
545 3196
546 3225
547 3814
548 1450
549 3647
550 279
551 3222
552 3981
553 1121
554 1143
555 2100
556 3407
557 3950
558 2823
559 467
560 3886
561 2065
562 1388
563 1531
564 614
565 3447
566 134
567 168
568 2321
569 3780
570 884
571 740
572 299
573 3108
574 3910
575 1888
576 1966
577 1110
578 1904
579 843
580 102
581 542
582 1625
583 3069
584 2281
585 499
586 1563
587 2287
588 3784
589 1692
590 2767
591 571
592 2283
593 3461
594 460
595 2000
596 2308
597 726
598 551
599 1350
600 2063
601 2940
602 1406
603 3444
604 1639
605 2977
606 2909
607 2766
608 3389
609 2204
610 3547
611 147
612 2068
613 1580
614 591
615 1541
616 3750
617 1112
618 1128
619 1496
620 931
621 2536
622 2949
623 136
624 1820
625 968
626 1838
627 2631
628 3403
629 3717
630 1807
631 2653
632 2050
633 3567
634 2651
635 2813
636 363
637 2994
638 1281
639 3311
640 2408
641 1739
642 47
643 3398
644 2810
645 676
646 2993
647 3620
648 3972
649 3987
650 2104
651 2521
652 543
653 2227
654 2705
655 1733
656 2661
657 94
658 2576
659 2535
660 642
661 1441
662 1451
663 4014
664 3234
665 1151
666 820
667 3264
668 3678
669 89
670 1622
671 1726
672 1645
673 2753
674 2679
675 1278
676 1905
677 1184
678 1083
679 2459
680 3268
681 523
682 2717
683 1906
684 3809
685 503
686 3101
687 98
688 77
689 3107
690 314
691 3766
692 2854
693 897
694 648
695 2402
696 1201
697 1167
698 1687
699 2729
700 3504
701 1107
702 2052
703 3188
704 3182
705 3988
706 4025
707 1641
708 1528
709 2425
710 2511
711 1659
712 2696
713 361
714 1158
715 390
716 3364
717 2457
718 1554
719 3374
720 2099
721 2531
722 3442
723 127
724 1861
725 3358
726 303
727 1315
728 196
729 985
730 1280
731 418
732 1408
733 2341
734 1571
735 347
736 2965
737 3340
738 3615
739 2123
740 831
741 194
742 216
743 2007
744 1477
745 2626
746 1876
747 2179
748 2682
749 749
750 257
751 3314
752 874
753 555
754 705
755 2867
756 3823
757 1183
758 3543
759 755
760 1192
761 1599
762 2604
763 4032
764 1721
765 2200
766 803
767 2567
768 1169
769 3671
770 146
771 240
772 2514
773 2713
774 1651
775 2873
776 1889
777 760
778 2175
779 2163
780 3622
781 3806
782 3819
783 4001
784 2945
785 1377
786 3351
787 1043
788 3908
789 312
790 3230
791 3598
792 3779
793 2938
794 1899
795 3597
796 4004
797 3122
798 805
799 3749
800 3224
801 2901
802 1760
803 2834
804 3889
805 2278
806 4017
807 2208
808 3719
809 3743
810 2754
811 2247
812 3111
813 596
814 717
815 2731
816 810
817 751
818 3635
819 1742
820 822
821 574
822 2984
823 1516
824 1072
825 365
826 48
827 258
828 2697
829 451
830 2409
831 1414
832 3162
833 3881
834 3117
835 3708
836 3032
837 1263
838 465
839 3579
840 3729
841 1476
842 3263
843 2674
844 2358
845 3301
846 1493
847 675
848 1341
849 3548
850 2334
851 104
852 72
853 3392
854 3986
855 3964
856 183
857 44
858 67
859 745
860 4042
861 60
862 3113
863 3109
864 345
865 263
866 468
867 3592
868 1410
869 549
870 3848
871 2265
872 3024
873 2385
874 3792
875 3725
876 384
877 2011
878 3918
879 3241
880 1145
881 1790
882 1575
883 1865
884 2702
885 677
886 3476
887 531
888 1178
889 3744
890 1671
891 2428
892 3807
893 653
894 1415
895 153
896 2162
897 918
898 2214
899 3700
900 1771
901 2177
902 1716
903 3412
904 3339
905 51
906 20
907 1073
908 3255
909 1498
910 1999
911 124
912 1190
913 1569
914 3822
915 2608
916 3226
917 1442
918 2467
919 2818
920 473
921 2251
922 2807
923 3430
924 860
925 1272
926 2266
927 1631
928 1343
929 1743
930 1821
931 1061
932 3710
933 3604
934 490
935 712
936 3012
937 1965
938 3137
939 1948
940 3072
941 1804
942 2543
943 2584
944 1462
945 514
946 3302
947 3469
948 539
949 315
950 693
951 975
952 3161
953 1301
954 1674
955 1305
956 3480
957 3408
958 433
959 2796
960 3228
961 1928
962 3697
963 706
964 3605
965 720
966 3125
967 2490
968 3493
969 1783
970 3773
971 3917
972 2970
973 2784
974 1704
975 317
976 224
977 3582
978 2035
979 1355
980 3147
981 2178
982 3682
983 3509
984 3666
985 1620
986 2846
987 3878
988 1644
989 445
990 3278
991 3191
992 3900
993 899
994 366
995 1979
996 544
997 2817
998 2917
999 4034
1000 1944
1001 3397
1002 1964
1003 1691
1004 2488
1005 3449
1006 3120
1007 2217
1008 2299
1009 90
1010 1062
1011 1132
1012 4046
1013 294
1014 3657
1015 105
1016 958
1017 658
1018 3037
1019 3969
1020 527
1021 637
1022 97
1023 3533
1024 481
1025 646
1026 3153
1027 1490
1028 701
1029 1428
1030 2615
1031 3
1032 1722
1033 2625
1034 1940
1035 1994
1036 3384
1037 381
1038 1193
1039 546
1040 632
1041 3946
1042 199
1043 935
1044 228
1045 1277
1046 2673
1047 3337
1048 633
1049 2658
1050 983
1051 3174
1052 85
1053 1258
1054 2169
1055 3098
1056 1950
1057 2411
1058 809
1059 1754
1060 765
1061 3688
1062 478
1063 250
1064 2040
1065 2783
1066 3266
1067 459
1068 1337
1069 1340
1070 1064
1071 2589
1072 370
1073 2953
1074 1131
1075 1014
1076 3265
1077 4029
1078 1731
1079 1308
1080 2003
1081 1030
1082 1878
1083 2451
1084 2680
1085 1987
1086 1286
1087 3128
1088 457
1089 1038
1090 2436
1091 3667
1092 1521
1093 2378
1094 245
1095 3695
1096 3459
1097 1008
1098 3071
1099 1360
1100 268
1101 3828
1102 2235
1103 797
1104 3580
1105 238
1106 3728
1107 812
1108 3727
1109 3860
1110 663
1111 1159
1112 2458
1113 2990
1114 2634
1115 1882
1116 2272
1117 375
1118 30
1119 167
1120 2985
1121 2234
1122 2582
1123 1351
1124 963
1125 1942
1126 3519
1127 1123
1128 2820
1129 3653
1130 1384
1131 2255
1132 4049
1133 1295
1134 1002
1135 2112
1136 882
1137 1227
1138 2762
1139 1604
1140 1985
1141 2379
1142 1220
1143 2719
1144 694
1145 1485
1146 842
1147 1566
1148 2565
1149 853
1150 3938
1151 2046
1152 3232
1153 3838
1154 2825
1155 3799
1156 1335
1157 2284
1158 2757
1159 2219
1160 661
1161 2960
1162 3852
1163 926
1164 2279
1165 2417
1166 3589
1167 2386
1168 873
1169 2249
1170 1557
1171 1574
1172 3305
1173 58
1174 3367
1175 177
1176 1468
1177 2092
1178 3319
1179 2447
1180 2027
1181 346
1182 3033
1183 934
1184 1224
1185 1508
1186 2001
1187 816
1188 2586
1189 380
1190 13
1191 383
1192 1781
1193 337
1194 362
1195 2870
1196 3420
1197 2907
1198 2167
1199 1395
1200 1328
1201 1652
1202 3306
1203 2798
1204 3661
1205 3498
1206 3168
1207 2549
1208 162
1209 3516
1210 710
1211 128
1212 2794
1213 1688
1214 3924
1215 1602
1216 1228
1217 3956
1218 193
1219 2590
1220 1519
1221 1881
1222 981
1223 2435
1224 190
1225 2822
1226 2529
1227 344
1228 1870
1229 2840
1230 302
1231 3846
1232 1626
1233 1619
1234 826
1235 95
1236 605
1237 2612
1238 2890
1239 647
1240 911
1241 2939
1242 2857
1243 3495
1244 2253
1245 3712
1246 2513
1247 1416
1248 1817
1249 431
1250 2835
1251 53
1252 1313
1253 276
1254 3971
1255 237
1256 17
1257 1803
1258 3003
1259 2635
1260 3279
1261 2236
1262 2786
1263 360
1264 2574
1265 1894
1266 2159
1267 3148
1268 3898
1269 2241
1270 971
1271 3955
1272 2230
1273 600
1274 2617
1275 41
1276 1855
1277 148
1278 2079
1279 2222
1280 2374
1281 1600
1282 1502
1283 326
1284 131
1285 2581
1286 3308
1287 3281
1288 1050
1289 2419
1290 1303
1291 1042
1292 2830
1293 422
1294 2122
1295 1504
1296 281
1297 1920
1298 3034
1299 3532
1300 3607
1301 1524
1302 817
1303 2254
1304 2022
1305 2113
1306 88
1307 3251
1308 510
1309 1762
1310 200
1311 2707
1312 1609
1313 819
1314 311
1315 2726
1316 847
1317 3350
1318 2506
1319 2605
1320 78
1321 2888
1322 1611
1323 2091
1324 747
1325 1273
1326 1473
1327 929
1328 1482
1329 973
1330 35
1331 1478
1332 1127
1333 1237
1334 3747
1335 1347
1336 1867
1337 1786
1338 725
1339 1776
1340 3419
1341 2523
1342 2750
1343 804
1344 2396
1345 3341
1346 219
1347 1642
1348 2128
1349 1391
1350 1862
1351 1814
1352 1387
1353 2474
1354 3478
1355 3765
1356 3015
1357 266
1358 2210
1359 1926
1360 3479
1361 1033
1362 430
1363 3757
1364 3394
1365 1063
1366 2472
1367 328
1368 3538
1369 866
1370 2657
1371 2304
1372 3036
1373 2776
1374 3238
1375 24
1376 1937
1377 2982
1378 2412
1379 3448
1380 3957
1381 2198
1382 3551
1383 2115
1384 2482
1385 296
1386 3256
1387 452
1388 282
1389 563
1390 2505
1391 1378
1392 953
1393 3759
1394 2908
1395 1869
1396 3007
1397 2492
1398 739
1399 1813
1400 1208
1401 428
1402 2989
1403 2345
1404 1556
1405 2872
1406 1256
1407 1080
1408 2772
1409 3141
1410 1922
1411 1646
1412 3652
1413 1712
1414 3768
1415 3127
1416 3327
1417 3790
1418 1808
1419 2410
1420 922
1421 3920
1422 454
1423 1139
1424 1746
1425 3119
1426 3406
1427 43
1428 2913
1429 718
1430 1040
1431 869
1432 3836
1433 741
1434 399
1435 138
1436 512
1437 2725
1438 4048
1439 1091
1440 3468
1441 2202
1442 1494
1443 1706
1444 880
1445 1376
1446 33
1447 1793
1448 3668
1449 151
1450 3115
1451 1484
1452 3789
1453 2076
1454 2594
1455 2395
1456 995
1457 655
1458 735
1459 2646
1460 39
1461 371
1462 2464
1463 2444
1464 522
1465 2152
1466 2229
1467 559
1468 3618
1469 3720
1470 943
1471 3202
1472 830
1473 4028
1474 2298
1475 2246
1476 669
1477 2502
1478 405
1479 2756
1480 2862
1481 1753
1482 2660
1483 1970
1484 3928
1485 3884
1486 1103
1487 3157
1488 908
1489 785
1490 1119
1491 3130
1492 293
1493 161
1494 2166
1495 2382
1496 327
1497 2802
1498 2693
1499 1548
1500 3771
1501 3999
1502 3031
1503 650
1504 3907
1505 2801
1506 2446
1507 2614
1508 623
1509 3454
1510 2860
1511 2487
1512 651
1513 1866
1514 1203
1515 482
1516 1841
1517 1527
1518 2481
1519 3872
1520 2912
1521 1764
1522 1147
1523 1537
1524 892
1525 27
1526 3797
1527 485
1528 395
1529 3262
1530 3510
1531 1039
1532 2044
1533 2020
1534 550
1535 1244
1536 2648
1537 230
1538 3505
1539 1197
1540 910
1541 1829
1542 643
1543 2593
1544 308
1545 1359
1546 3042
1547 309
1548 3067
1549 1046
1550 1693
1551 945
1552 2548
1553 2986
1554 3286
1555 1902
1556 3020
1557 1628
1558 2018
1559 3465
1560 3827
1561 4047
1562 1302
1563 3525
1564 283
1565 91
1566 3853
1567 652
1568 2806
1569 1518
1570 1437
1571 2114
1572 3628
1573 1253
1574 3229
1575 2628
1576 2701
1577 2627
1578 607
1579 1858
1580 680
1581 627
1582 1896
1583 188
1584 723
1585 2381