0 2951
1 471
2 3363
3 1824
4 1801
5 974
6 1904
7 2276
8 3458
9 3045
10 3163
11 3143
12 1209
13 3198
14 1654
15 80
16 3882
17 2489
18 1049
19 69
20 1562
21 3499
22 753
23 2527
24 331
25 3784
26 1550
27 39
28 800
29 3504
30 1576
31 588
32 1954
33 386
34 833
35 1412
36 891
37 970
38 3651
39 3170
40 149
41 2237
42 547
43 2864
44 720
45 1812
46 3896
47 3752
48 1807
49 2174
50 1859
51 2803
52 875
53 3716
54 2603
55 1908
56 3997
57 575
58 1047
59 207
60 3843
61 2875
62 2355
63 1240
64 2295
65 1762
66 998
67 1377
68 2377
69 1105
70 2667
71 1421
72 3829
73 1752
74 3602
75 713
76 1120
77 393
78 1348
79 3049
80 3351
81 3263
82 3072
83 1217
84 2413
85 1294
86 3103
87 2627
88 1103
89 3302
90 3713
91 987
92 3366
93 2704
94 1432
95 977
96 2817
97 1825
98 2070
99 3125
100 1194
101 2453
102 1492
103 640
104 396
105 116
106 3340
107 3043
108 2709
109 73
110 3026
111 1720
112 3473
113 137
114 1024
115 3616
116 1053
117 620
118 1498
119 808
120 1558
121 533
122 3944
123 1919
124 389
125 3208
126 202
127 1369
128 2050
129 2604
130 1450
131 211
132 3639
133 1964
134 1100
135 3584
136 1679
137 2477
138 2851
139 1827
140 1755
141 3774
142 2775
143 1941
144 722
145 553
146 193
147 3964
148 1898
149 1255
150 3121
151 1254
152 3949
153 3577
154 1883
155 598
156 2064
157 1610
158 3190
159 310
160 3919
161 3717
162 2968
163 3303
164 3082
165 2030
166 2642
167 1940
168 98
169 2636
170 632
171 795
172 3930
173 3345
174 2094
175 2446
176 3328
177 1599
178 1042
179 2579
180 2101
181 810
182 3911
183 3109
184 2923
185 711
186 667
187 240
188 31
189 1503
190 3761
191 2945
192 931
193 1509
194 2812
195 4002
196 885
197 3257
198 1784
199 1989
200 2575
201 2052
202 3682
203 303
204 2117
205 3912
206 3530
207 2416
208 942
209 906
210 4043
211 2223
212 749
213 3786
214 1030
215 1966
216 2810
217 2352
218 3151
219 3298
220 834
221 1040
222 1545
223 433
224 681
225 94
226 2549
227 1745
228 2247
229 556
230 3495
231 2617
232 3633
233 2240
234 3963
235 3209
236 2221
237 1471
238 4
239 809
240 675
241 2696
242 2860
243 1182
244 136
245 2425
246 1404
247 677
248 2169
249 1666
250 828
251 2525
252 3256
253 3490
254 1178
255 1738
256 1741
257 3579
258 3388
259 3573
260 964
261 523
262 2100
263 680
264 3493
265 3029
266 2268
267 3974
268 2484
269 3855
270 3301
271 2402
272 1061
273 3192
274 2949
275 2985
276 1822
277 1035
278 1151
279 2150
280 1609
281 839
282 2825
283 2534
284 2609
285 522
286 2393
287 3981
288 2956
289 3667
290 3535
291 3364
292 1537
293 1052
294 3127
295 3969
296 1617
297 1815
298 743
299 272
300 314
301 735
302 3395
303 2878
304 2544
305 2906
306 2600
307 2568
308 2843
309 2821
310 3403
311 807
312 3983
313 2111
314 616
315 1001
316 1767
317 2676
318 3098
319 152
320 3875
321 3918
322 3164
323 1162
324 3789
325 245
326 3141
327 3841
328 3534
329 286
330 2308
331 2634
332 1882
333 2432
334 3449
335 2255
336 3166
337 3213
338 3635
339 2298
340 754
341 3480
342 1490
343 3924
344 3357
345 648
346 2023
347 1742
348 1737
349 1586
350 3516
351 2275
352 437
353 1314
354 3746
355 2638
356 1077
357 1725
358 1238
359 2280
360 2079
361 2462
362 2019
363 1107
364 784
365 3996
366 2099
367 2177
368 2580
369 476
370 3106
371 1661
372 3159
373 2390
374 1977
375 324
376 548
377 3566
378 3382
379 2492
380 1747
381 2754
382 1625
383 2124
384 3310
385 1980
386 247
387 1340
388 2759
389 568
390 197
391 1766
392 2334
393 2274
394 3990
395 3248
396 1495
397 2408
398 3440
399 3914
400 1102
401 2029
402 4027
403 3777
404 3046
405 1880
406 4035
407 2162
408 2383
409 22
410 2291
411 1045
412 3131
413 3521
414 1228
415 2867
416 1276
417 2014
418 377
419 1343
420 1388
421 1329
422 165
423 1707
424 268
425 2608
426 3022
427 3509
428 752
429 3469
430 3147
431 1043
432 3119
433 645
434 30
435 1874
436 2880
437 2163
438 2813
439 1221
440 1115
441 3060
442 3940
443 1697
444 3838
445 2831
446 3292
447 2521
448 1362
449 3234
450 3264
451 364
452 3902
453 1338
454 2078
455 3809
456 2998
457 691
458 2236
459 1106
460 597
461 583
462 1641
463 532
464 418
465 335
466 2252
467 1494
468 1864
469 3715
470 119
471 329
472 1091
473 1934
474 3374
475 3
476 517
477 3153
478 459
479 2365
480 3427
481 227
482 2235
483 15
484 3259
485 442
486 3647
487 3597
488 3907
489 4012
490 1476
491 3295
492 2646
493 1657
494 1034
495 804
496 781
497 1418
498 3474
499 963
500 1008
501 1588
502 613
503 2980
504 489
505 845
506 2261
507 2200
508 467
509 1856
510 3063
511 2227
512 832
513 2576
514 2239
515 900
516 2457
517 2902
518 453
519 3262
520 838
521 4046
522 505
523 3168
524 337
525 1905
526 3243
527 3956
528 637
529 4000
530 2660
531 2570
532 91
533 723
534 2134
535 3886
536 2898
537 3654
538 1740
539 3356
540 1280
541 1896
542 3776
543 607
544 1858
545 1597
546 3507
547 3736
548 837
549 3957
550 399
551 446
552 785
553 3485
554 1167
555 2858
556 289
557 2673
558 2882
559 3598
560 3250
561 2478
562 2336
563 1820
564 1560
565 1099
566 2035
567 62
568 1070
569 391
570 2994
571 1655
572 618
573 363
574 2245
575 3021
576 3228
577 1521
578 2802
579 1817
580 1496
581 995
582 1571
583 2757
584 3678
585 305
586 201
587 2450
588 2993
589 10
590 169
591 3075
592 3905
593 3397
594 3476
595 2622
596 3428
597 2767
598 41
599 1195
600 2691
601 3537
602 818
603 249
604 3055
605 1201
606 1470
607 897
608 778
609 2834
610 3020
611 3698
612 1791
613 3465
614 2699
615 216
616 1082
617 3652
618 3307
619 2323
620 1311
621 77
622 635
623 542
624 2299
625 1226
626 1109
627 164
628 2814
629 1876
630 3108
631 860
632 1556
633 2061
634 2458
635 811
636 3772
637 1237
638 2351
639 3358
640 1416
641 407
642 3017
643 2794
644 874
645 3935
646 3801
647 117
648 3823
649 2179
650 2680
651 2183
652 737
653 2957
654 1142
655 1483
656 508
657 2925
658 982
659 4049
660 1780
661 1985
662 3126
663 1442
664 2344
665 3695
666 221
667 2042
668 2922
669 1992
670 4010
671 3306
672 3683
673 90
674 3491
675 3102
676 2004
677 2725
678 2690
679 1006
680 1979
681 676
682 1132
683 3842
684 1922
685 127
686 283
687 1640
688 3418
689 3047
690 1050
691 2720
692 1422
693 1448
694 884
695 3792
696 1249
697 1398
698 2740
699 3265
700 2728
701 1469
702 2597
703 2700
704 1150
705 2421
706 633
707 3725
708 3669
709 2548
710 1408
711 3214
712 2304
713 25
714 549
715 2144
716 740
717 516
718 3092
719 2065
720 2317
721 3429
722 3204
723 3541
724 425
725 1790
726 967
727 2436
728 2721
729 703
730 3540
731 2771
732 4009
733 43
734 370
735 1699
736 3700
737 865
738 2381
739 2614
740 1478
741 3615
742 3922
743 904
744 1598
745 712
746 3255
747 1445
748 1793
749 3697
750 3929
751 242
752 2682
753 253
754 1516
755 167
756 983
757 2386
758 3727
759 3482
760 531
761 2606
762 2215
763 2072
764 3970
765 1499
766 1360
767 1184
768 1687
769 3498
770 3007
771 1739
772 428
773 1705
774 899
775 544
776 1428
777 950
778 1746
779 739
780 2410
781 2346
782 1837
783 3818
784 947
785 3767
786 2977
787 3394
788 1092
789 228
790 2970
791 935
792 271
793 302
794 2440
795 3361
796 215
797 1624
798 3538
799 139
800 1783
801 546
802 3176
803 2783
804 1847
805 3796
806 724
807 3466
808 2717
809 820
810 3564
811 2494
812 2104
813 1441
814 3933
815 933
816 796
817 1733
818 1258
819 2547
820 2574
821 985
822 1579
823 3079
824 26
825 783
826 3291
827 2003
828 2619
829 1970
830 3733
831 1220
832 2444
833 7
834 862
835 3518
836 2529
837 755
838 3309
839 2113
840 1709
841 555
842 233
843 907
844 3955
845 284
846 48
847 2713
848 627
849 2854
850 1555
851 822
852 1718
853 3984
854 2434
855 3600
856 2887
857 3249
858 3027
859 205
860 2225
861 181
862 571
863 3016
864 2689
865 2287
866 3461
867 3645
868 2190
869 765
870 3370
871 2901
872 366
873 1568
874 2679
875 2084
876 1950
877 2586
878 1352
879 1861
880 3272
881 1644
882 2841
883 269
884 1307
885 2292
886 1242
887 2984
888 506
889 1225
890 3001
891 1108
892 1893
893 2748
894 3076
895 3406
896 264
897 1119
898 1234
899 321
900 2106
901 3982
902 1064
903 3201
904 3548
905 1830
906 277
907 1458
908 3655
909 248
910 3457
911 1351
912 3638
913 17
914 416
915 3769
916 3684
917 2427
918 1382
919 2707
920 984
921 1011
922 37
923 1581
924 3341
925 401
926 143
927 188
928 1563
929 614
930 3122
931 2648
932 748
933 2385
934 4008
935 3853
936 550
937 2008
938 2321
939 2349
940 2523
941 2242
942 2039
943 2000
944 2986
945 299
946 721
947 2912
948 194
949 1512
950 1569
951 844
952 1161
953 3294
954 3448
955 3910
956 1765
957 1264
958 3871
959 1648
960 462
961 3551
962 1375
963 3432
964 3827
965 1575
966 728
967 678
968 847
969 1593
970 512
971 1130
972 1645
973 2651
974 1083
975 186
976 3743
977 2533
978 1066
979 2910
980 3807
981 2007
982 857
983 3096
984 3165
985 258
986 1622
987 953
988 936
989 2040
990 3920
991 973
992 1920
993 281
994 1619
995 2415
996 140
997 2267
998 1534
999 1851
1000 1190
1001 3524
1002 340
1003 3505
1004 1048
1005 2920
1006 3593
1007 2736
1008 3200
1009 1527
1010 38
1011 1611
1012 3951
1013 2496
1014 2461
1015 1176
1016 2623
1017 2824
1018 1933
1019 2097
1020 2766
1021 3906
1022 3161
1023 2289
1024 1387
1025 368
1026 706
1027 3702
1028 3453
1029 1548
1030 3605
1031 3750
1032 1684
1033 1341
1034 375
1035 2840
1036 683
1037 694
1038 2693
1039 1281
1040 352
1041 2804
1042 666
1043 2886
1044 3360
1045 3710
1046 3502
1047 1910
1048 886
1049 3816
1050 1299
1051 3384
1052 3337
1053 2596
1054 3720
1055 729
1056 854
1057 552
1058 2376
1059 994
1060 1301
1061 3628
1062 2543
1063 67
1064 3188
1065 124
1066 1518
1067 1951
1068 1633
1069 1170
1070 530
1071 2672
1072 2342
1073 642
1074 435
1075 1994
1076 3300
1077 710
1078 2345
1079 717
1080 843
1081 1623
1082 4028
1083 3100
1084 2872
1085 1508
1086 108
1087 2021
1088 2343
1089 1096
1090 2571
1091 3444
1092 3196
1093 1206
1094 563
1095 2971
1096 2435
1097 196
1098 981
1099 3116
1100 2820
1101 3640
1102 2927
1103 2719
1104 3757
1105 1477
1106 1535
1107 3064
1108 239
1109 3279
1110 1337
1111 849
1112 257
1113 431
1114 65
1115 3814
1116 495
1117 2045
1118 225
1119 3891
1120 3714
1121 1183
1122 1484
1123 658
1124 2010
1125 2565
1126 2832
1127 2082
1128 1306
1129 812
1130 924
1131 1955
1132 3273
1133 1084
1134 3319
1135 520
1136 3230
1137 2013
1138 3888
1139 3533
1140 2784
1141 2400
1142 2976
1143 3681
1144 2103
1145 387
1146 3289
1147 410
1148 3764
1149 2284
1150 1406
1151 2938
1152 2511
1153 12
1154 896
1155 2271
1156 3771
1157 2046
1158 856
1159 3061
1160 3531
1161 3452
1162 791
1163 2437
1164 846
1165 3653
1166 3987
1167 1111
1168 3828
1169 1973
1170 918
1171 771
1172 14
1173 2333
1174 49
1175 380
1176 1309
1177 1792
1178 3389
1179 1062
1180 3666
1181 3132
1182 3266
1183 261
1184 3961
1185 2731
1186 3160
1187 97
1188 3900
1189 3101
1190 3023
1191 2428
1192 179
1193 1927
1194 3048
1195 3451
1196 3707
1197 1853
1198 2232
1199 2327
1200 1344
1201 1667
1202 687
1203 1022
1204 758
1205 2310
1206 3726
1207 3293
1208 733
1209 292
1210 241
1211 603
1212 1413
1213 605
1214 3712
1215 3162
1216 893
1217 232
1218 2395
1219 2
1220 1834
1221 3680
1222 782
1223 3808
1224 3703
1225 590
1226 1164
1227 659
1228 1364
1229 769
1230 1809
1231 3207
1232 786
1233 1489
1234 1016
1235 2786
1236 2594
1237 3575
1238 2866
1239 1211
1240 3018
1241 3450
1242 2495
1243 1788
1244 3625
1245 5
1246 3508
1247 1942
1248 3864
1249 1298
1250 294
1251 3729
1252 1808
1253 3893
1254 1787
1255 88
1256 270
1257 2398
1258 1200
1259 3069
1260 606
1261 3967
1262 1003
1263 2009
1264 200
1265 2752
1266 1712
1267 1275
1268 206
1269 168
1270 1866
1271 2126
1272 3015
1273 1902
1274 492
1275 263
1276 1391
1277 1685
1278 1239
1279 866
1280 44
1281 2020
1282 3489
1283 3525
1284 2795
1285 3067
1286 1169
1287 2807
1288 725
1289 2701
1290 85
1291 1020
1292 113
1293 579
1294 945
1295 2128
1296 1244
1297 1946
1298 1963
1299 2566
1300 3430
1301 3780
1302 695
1303 3708
1304 2798
1305 2002
1306 2686
1307 2585
1308 2873
1309 3693
1310 2819
1311 390
1312 3267
1313 1750
1314 2198
1315 1888
1316 2048
1317 2569
1318 2480
1319 2607
1320 3097
1321 2300
1322 599
1323 1877
1324 1414
1325 3832
1326 2459
1327 2572
1328 3773
1329 3804
1330 948
1331 1965
1332 1379
1333 805
1334 478
1335 669
1336 1751
1337 1315
1338 3488
1339 479
1340 1728
1341 210
1342 1060
1343 2417
1344 3782
1345 2217
1346 3626
1347 880
1348 1463
1349 3299
1350 2422
1351 448
1352 1691
1353 2933
1354 2123
1355 2154
1356 1819
1357 2772
1358 438
1359 3322
1360 3972
1361 1804
1362 365
1363 3056
1364 1419
1365 705
1366 238
1367 525
1368 2626
1369 260
1370 608
1371 72
1372 3409
1373 3229
1374 560
1375 2593
1376 3327
1377 2080
1378 1316
1379 1278
1380 1071
1381 3202
1382 2358
1383 1993
1384 2835
1385 1554
1386 493
1387 2615
1388 1267
1389 3224
1390 1889
1391 1474
1392 3311
1393 3268
1394 2166
1395 1032
1396 1999
1397 797
1398 2063
1399 1577
1400 863
1401 2467
1402 1567
1403 2541
1404 1173
1405 1199
1406 1531
1407 1493
1408 485
1409 504
1410 1696
1411 3822
1412 2036
1413 3181
1414 2481
1415 651
1416 27
1417 2326
1418 2149
1419 1929
1420 1017
1421 351
1422 1564
1423 309
1424 993
1425 2265
1426 3872
1427 764
1428 674
1429 230
1430 3745
1431 2282
1432 1616
1433 1642
1434 3254
1435 3454
1436 252
1437 3686
1438 1347
1439 2806
1440 2251
1441 1511
1442 23
1443 2430
1444 2750
1445 1821
1446 429
1447 3986
1448 475
1449 24
1450 1417
1451 1473
1452 1998
1453 3592
1454 2989
1455 2599
1456 819
1457 1101
1458 2244
1459 3238
1460 2401
1461 468
1462 1410
1463 266
1464 1085
1465 2978
1466 3848
1467 1078
1468 347
1469 1628