6 0
6 1
6 2
6 3
6 4
6 5
6 6
6 7
6 8
6 9
6 10
6 11
6 12
6 13
6 14
6 15
6 16
6 17
6 18
6 19
6 20
6 21
6 22
6 23
6 24
6 25
6 26
6 27
6 28
6 29
6 30
6 31
6 32
6 33
6 34
6 35
6 36
6 37
6 38
6 39
6 40
6 41
6 42
6 43
6 44
6 45
6 46
6 47
6 48
6 49
6 50
6 51
6 52
6 53
6 54
6 55
6 56
6 57
6 58
6 59
6 60
6 61
6 62
6 63
6 64
6 65
6 66
6 67
6 68
6 69
6 70
6 71
6 72
6 73
6 74
6 75
6 76
6 77
6 78
6 79
6 80
6 81
6 82
6 83
6 84
6 85
6 86
6 87
6 88
6 89
6 90
6 91
6 92
6 93
6 94
6 95
6 96
6 97
6 98
6 99
6 100
6 101
6 102
6 103
6 104
6 105
6 106
6 107
6 108
6 109
6 110
6 111
6 112
6 113
6 114
6 115
6 116
6 117
6 118
6 119
6 120
6 121
6 122
6 123
6 124
6 125
6 126
6 127
6 128
6 129
6 130
6 131
6 132
6 133
6 134
6 135
6 136
6 137
6 138
6 139
6 140
6 141
6 142
6 143
6 144
6 145
6 146
6 147
6 148
6 149
6 150
6 151
6 152
6 153
6 154
6 155
6 156
6 157
6 158
6 159
6 160
6 161
6 162
6 163
6 164
6 165
6 166
6 167
6 168
6 169
6 170
6 171
6 172
6 173
6 174
6 175
6 176
6 177
6 178
6 179
6 180
6 181
6 182
6 183
6 184
6 185
6 186
6 187
6 188
6 189
6 190
6 191
6 192
6 193
6 194
6 195
6 196
6 197
6 198
6 199
6 200
6 201
6 202
6 203
6 204
6 205
6 206
6 207
6 208
6 209
6 210
6 211
6 212
6 213
6 214
6 215
6 216
6 217
6 218
6 219
6 220
6 221
6 222
6 223
6 224
6 225
6 226
6 227
6 228
6 229
6 230
6 231
6 232
6 233
6 234
6 235
6 236
6 237
6 238
6 239
6 240
6 241
6 242
6 243
6 244
6 245
6 246
6 247
6 248
6 249
6 250
6 251
6 252
6 253
6 254
6 255
6 256
6 257
6 258
6 259
6 260
6 261
6 262
6 263
6 264
6 265
6 266
6 267
6 268
6 269
6 270
6 271
6 272
6 273
6 274
6 275
6 276
6 277
6 278
6 279
6 280
6 281
6 282
6 283
6 284
6 285
6 286
6 287
6 288
6 289
6 290
6 291
6 292
6 293
6 294
6 295
6 296
6 297
6 298
6 299
6 300
6 301
6 302
6 303
6 304
6 305
6 306
6 307
6 308
6 309
6 310
6 311
6 312
6 313
6 314
6 315
6 316
6 317
6 318
6 319
6 320
6 321
6 322
6 323
6 324
6 325
6 326
6 327
6 328
6 329
6 330
6 331
6 332
6 333
6 334
6 335
6 336
6 337
6 338
6 339
6 340
6 341
6 342
6 343
6 344
6 345
6 346
6 347
6 348
6 349
6 350
6 351
6 352
6 353
6 354
6 355
6 356
6 357
6 358
6 359
6 360
6 361
6 362
6 363
6 364
6 365
6 366
6 367
6 368
6 369
6 370
6 371
6 372
6 373
6 374
6 375
6 376
6 377
6 378
6 379
6 380
6 381
6 382
6 383
6 384
6 385
6 386
6 387
6 388
6 389
6 390
6 391
6 392
6 393
6 394
6 395
6 396
6 397
6 398
6 399
6 400
6 401
6 402
6 403
6 404
6 405
6 406
6 407
6 408
6 409
6 410
6 411
6 412
6 413
6 414
6 415
6 416
6 417
6 418
6 419
6 420
6 421
6 422
6 423
6 424
6 425
6 426
6 427
6 428
6 429
6 430
6 431
6 432
6 433
6 434
6 435
6 436
6 437
6 438
6 439
6 440
6 441
6 442
6 443
6 444
6 445
6 446
6 447
6 448
6 449
6 450
6 451
6 452
6 453
6 454
6 455
6 456
6 457
6 458
6 459
6 460
6 461
6 462
6 463
6 464
6 465
6 466
6 467
6 468
6 469
6 470
6 471
6 472
6 473
6 474
6 475
6 476
6 477
6 478
6 479
6 480
6 481
6 482
6 483
6 484
6 485
6 486
6 487
6 488
6 489
6 490
6 491
6 492
6 493
6 494
6 495
6 496
6 497
6 498
6 499
6 500
6 501
6 502
6 503
6 504
6 505
6 506
6 507
6 508
6 509
6 510
6 511
6 512
6 513
6 514
6 515
6 516
6 517
6 518
6 519
6 520
6 521
6 522
6 523
6 524
6 525
6 526
6 527
6 528
6 529
6 530
6 531
6 532
6 533
6 534
6 535
6 536
6 537
6 538
6 539
6 540
6 541
6 542
6 543
6 544
6 545
6 546
6 547
6 548
6 549
6 550
6 551
6 552
6 553
6 554
6 555
6 556
6 557
6 558
6 559
6 560
6 561
6 562
6 563
6 564
6 565
6 566
6 567
6 568
6 569
6 570
6 571
6 572
6 573
6 574
6 575
6 576
6 577
6 578
6 579
6 580
6 581
6 582
6 583
6 584
6 585
6 586
6 587
6 588
6 589
6 590
6 591
6 592
6 593
6 594
6 595
6 596
6 597
6 598
6 599
6 600
6 601
6 602
6 603
6 604
6 605
6 606
6 607
6 608
6 609
6 610
15 611
15 612
15 613
15 614
15 615
15 616
15 617
15 618
15 619
15 620
15 621
15 622
15 623
15 624
15 625
15 626
15 627
15 628
15 629
15 630
15 631
15 632
15 633
15 634
15 635
15 636
15 637
15 638
15 639
15 640
15 641
15 642
15 643
15 644
15 645
15 646
15 647
15 648
15 649
15 650
15 651
15 652
15 653
15 654
15 655
15 656
15 657
15 658
15 659
15 660
15 661
15 662
15 663
15 664
15 665
15 666
15 667
15 668
15 669
15 670
15 671
15 672
15 673
15 674
15 675
15 676
15 677
15 678
15 679
15 680
15 681
15 682
15 683
15 684
15 685
15 686
15 687
15 688
15 689
15 690
15 691
15 692
15 693
15 694
15 695
15 696
15 697
15 698
15 699
15 700
15 701
15 702
15 703
15 704
15 705
15 706
15 707
15 708
15 709
15 710
15 711
15 712
15 713
15 714
15 715
15 716
15 717
15 718
15 719
15 720
15 721
15 722
15 723
15 724
15 725
15 726
15 727
15 728
15 729
15 730
15 731
15 732
15 733
15 734
15 735
15 736
15 737
15 738
15 739
15 740
15 741
15 742
15 743
15 744
15 745
15 746
15 747
15 748
15 749
15 750
15 751
15 752
15 753
15 754
15 755
15 756
15 757
15 758
15 759
15 760
15 761
15 762
15 763
15 764
15 765
15 766
15 767
15 768
15 769
15 770
15 771
15 772
15 773
15 774
15 775
15 776
15 777
15 778
15 779
15 780
15 781
15 782
15 783
15 784
15 785
15 786
15 787
15 788
15 789
15 790
15 791
15 792
15 793
15 794
15 795
15 796
15 797
15 798
15 799
15 800
15 801
15 802
15 803
15 804
15 805
15 806
15 807
15 808
15 809
15 810
15 811
15 812
15 813
15 814
15 815
15 816
15 817
15 818
15 819
15 820
15 821
15 822
15 823
15 824
15 825
15 826
15 827
15 828
15 829
15 830
15 831
15 832
15 833
15 834
15 835
15 836
15 837
15 838
15 839
15 840
15 841
15 842
15 843
15 844
15 845
15 846
15 847
15 848
15 849
15 850
15 851
15 852
15 853
15 854
15 855
15 856
15 857
15 858
15 859
15 860
15 861
15 862
15 863
15 864
15 865
15 866
15 867
15 868
15 869
15 870
15 871
15 872
15 873
15 874
15 875
15 876
15 877
15 878
15 879
15 880
15 881
15 882
15 883
15 884
15 885
15 886
15 887
15 888
15 889
15 890
15 891
15 892
15 893
15 894
15 895
15 896
15 897
15 898
15 899
15 900
15 901
15 902
15 903
15 904
15 905
15 906
15 907
15 908
15 909
15 910
15 911
15 912
15 913
15 914
15 915
15 916
15 917
15 918
15 919
15 920
15 921
15 922
15 923
15 924
15 925
15 926
15 927
15 928
15 929
15 930
15 931
15 932
15 933
15 934
15 935
15 936
15 937
15 938
15 939
15 940
15 941
15 942
15 943
15 944
15 945
15 946
15 947
15 948
15 949
15 950
15 951
15 952
15 953
15 954
15 955
15 956
15 957
15 958
15 959
15 960
15 961
15 962
15 963
15 964
15 965
15 966
15 967
15 968
15 969
15 970
15 971
15 972
15 973
15 974
15 975
15 976
15 977
15 978
15 979
15 980
15 981
15 982
15 983
15 984
15 985
15 986
15 987
15 988
15 989
15 990
15 991
15 992
15 993
15 994
15 995
15 996
15 997
15 998
15 999
15 1000
15 1001
15 1002
15 1003
15 1004
15 1005
15 1006
15 1007
15 1008
15 1009
15 1010
15 1011
15 1012
15 1013
15 1014
15 1015
15 1016
15 1017
15 1018
15 1019
15 1020
15 1021
15 1022
15 1023
15 1024
15 1025
15 1026
15 1027
15 1028
15 1029
15 1030
15 1031
15 1032
15 1033
15 1034
15 1035
15 1036
15 1037
15 1038
15 1039
15 1040
15 1041
15 1042
15 1043
15 1044
15 1045
15 1046
15 1047
15 1048
15 1049
15 1050
15 1051
15 1052
15 1053
15 1054
15 1055
15 1056
15 1057
15 1058
15 1059
15 1060
15 1061
15 1062
15 1063
15 1064
15 1065
15 1066
15 1067
15 1068
15 1069
15 1070
15 1071
15 1072
15 1073
15 1074
15 1075
15 1076
15 1077
15 1078
15 1079
15 1080
15 1081
15 1082
15 1083
15 1084
15 1085
15 1086
15 1087
15 1088
15 1089
15 1090
15 1091
15 1092
15 1093
15 1094
15 1095
15 1096
15 1097
15 1098
15 1099
15 1100
15 1101
15 1102
15 1103
15 1104
15 1105
15 1106
15 1107
15 1108
15 1109
15 1110
15 1111
15 1112
15 1113
15 1114
15 1115
15 1116
15 1117
15 1118
15 1119
15 1120
15 1121
15 1122
15 1123
15 1124
15 1125
15 1126
15 1127
15 1128
15 1129
15 1130
15 1131
15 1132
15 1133
15 1134
15 1135
15 1136
15 1137
15 1138
15 1139
15 1140
15 1141
15 1142
15 1143
15 1144
15 1145
15 1146
15 1147
15 1148
15 1149
15 1150
15 1151
15 1152
15 1153
15 1154
15 1155
15 1156
15 1157
15 1158
15 1159
15 1160
15 1161
15 1162
15 1163
15 1164
15 1165
15 1166
15 1167
15 1168
15 1169
15 1170
15 1171
15 1172
15 1173
15 1174
15 1175
15 1176
15 1177
15 1178
15 1179
15 1180
15 1181
15 1182
15 1183
15 1184
15 1185
15 1186
15 1187
15 1188
15 1189
15 1190
15 1191
15 1192
15 1193
15 1194
15 1195
15 1196
15 1197
15 1198
15 1199
15 1200
15 1201
15 1202
15 1203
15 1204
15 1205
15 1206
15 1207
15 1208
15 1209
15 1210
15 1211
15 1212
15 1213
15 1214
15 1215
15 1216
15 1217
15 1218
15 1219
15 1220
15 1221
15 1222
15 1223
15 1224
15 1225
15 1226
15 1227
15 1228
15 1229
15 1230
15 1231
15 1232
15 1233
15 1234
15 1235
15 1236
15 1237
15 1238
15 1239
15 1240
15 1241
15 1242
15 1243
15 1244
15 1245
15 1246
15 1247
15 1248
15 1249
15 1250
15 1251
15 1252
15 1253
15 1254
15 1255
15 1256
15 1257
15 1258
15 1259
15 1260
15 1261
15 1262
15 1263
15 1264
15 1265
15 1266
15 1267
15 1268
15 1269
15 1270
15 1271
15 1272
15 1273
15 1274
15 1275
15 1276
15 1277
15 1278
15 1279
15 1280
15 1281
15 1282
15 1283
15 1284
15 1285
15 1286
15 1287
15 1288
15 1289
15 1290
15 1291
15 1292
15 1293
15 1294
15 1295
15 1296
15 1297
15 1298
15 1299
15 1300
15 1301
15 1302
15 1303
15 1304
15 1305
15 1306
15 1307
15 1308
15 1309
15 1310
15 1311
15 1312
15 1313
15 1314
15 1315
15 1316
15 1317
15 1318
15 1319
15 1320
15 1321
15 1322
15 1323
15 1324
15 1325
15 1326
15 1327
15 1328
15 1329
15 1330
15 1331
15 1332
15 1333
15 1334
15 1335
15 1336
15 1337
15 1338
15 1339
15 1340
15 1341
15 1342
15 1343
15 1344
15 1345
15 1346
15 1347
15 1348
15 1349
15 1350
15 1351
15 1352
15 1353
15 1354
15 1355
15 1356
15 1357
15 1358
15 1359
15 1360
15 1361
15 1362
15 1363
15 1364
15 1365
15 1366
15 1367
15 1368
15 1369
15 1370
15 1371
15 1372
15 1373
15 1374
15 1375
15 1376
15 1377
15 1378
15 1379
15 1380
15 1381
15 1382
15 1383
15 1384
15 1385
15 1386
17 1387
17 1388
17 1389
17 1390
17 1391
17 1392
17 1393
17 1394
17 1395
17 1396
17 1397
17 1398
17 1399
17 1400
17 1401
17 1402
17 1403
17 1404
17 1405
17 1406
17 1407
17 1408
17 1409
17 1410
17 1411
17 1412
17 1413
17 1414
17 1415
17 1416
17 1417
17 1418
17 1419
17 1420
17 1421
17 1422
17 1423
17 1424
17 1425
17 1426
17 1427
17 1428
17 1429
17 1430
17 1431
17 1432
17 1433
17 1434
17 1435
17 1436
17 1437
17 1438
17 1439
17 1440
17 1441
17 1442
17 1443
17 1444
17 1445
17 1446
17 1447
17 1448
17 1449
17 1450
17 1451
17 1452
17 1453
17 1454
17 1455
17 1456
17 1457
17 1458
17 1459
17 1460
17 1461
17 1462
17 1463
17 1464
17 1465
17 1466
17 1467
17 1468
17 1469
17 1470
17 1471
17 1472
17 1473
17 1474
17 1475
17 1476
17 1477
17 1478
17 1479
17 1480
17 1481
17 1482
17 1483
17 1484
17 1485
17 1486
17 1487
7 1488
7 1489
7 1490
7 1491
7 1492
7 1493
7 1494
7 1495
7 1496
7 1497
7 1498
7 1499
7 1500
7 1501
7 1502
7 1503
7 1504
7 1505
7 1506
7 1507
7 1508
7 1509
7 1510
7 1511
7 1512
7 1513
7 1514
7 1515
7 1516
7 1517
7 1518
7 1519
7 1520
7 1521
7 1522
7 1523
7 1524
7 1525
7 1526
7 1527
7 1528
7 1529
7 1530
7 1531
7 1532
7 1533
7 1534
7 1535
7 1536
7 1537
7 1538
7 1539
7 1540
7 1541
7 1542
7 1543
7 1544
7 1545
7 1546
7 1547
7 1548
7 1549
7 1550
7 1551
7 1552
7 1553
7 1554
7 1555
7 1556
7 1557
7 1558
7 1559
7 1560
7 1561
7 1562
7 1563
7 1564
7 1565
7 1566
7 1567
7 1568
7 1569
7 1570
7 1571
7 1572
7 1573
7 1574
7 1575
7 1576
7 1577
7 1578
7 1579
7 1580
7 1581
7 1582
7 1583
7 1584
7 1585
7 1586
7 1587
7 1588
7 1589
7 1590
7 1591
7 1592
7 1593
7 1594
7 1595
7 1596
7 1597
7 1598
7 1599
7 1600
7 1601
7 1602
7 1603
7 1604
7 1605
7 1606
7 1607
7 1608
7 1609
7 1610
7 1611
7 1612
7 1613
7 1614
7 1615
7 1616
7 1617
7 1618
7 1619
7 1620
7 1621
7 1622
7 1623
7 1624
7 1625
7 1626
7 1627
7 1628
7 1629
7 1630
7 1631
7 1632
7 1633
7 1634
7 1635
7 1636
7 1637
7 1638
7 1639
7 1640
7 1641
7 1642
7 1643
7 1644
7 1645
7 1646
7 1647
7 1648
7 1649
7 1650
7 1651
7 1652
7 1653
7 1654
7 1655
7 1656
7 1657
7 1658
7 1659
7 1660
7 1661
7 1662
7 1663
7 1664
7 1665
7 1666
7 1667
7 1668
7 1669
7 1670
7 1671
7 1672
7 1673
7 1674
7 1675
7 1676
7 1677
7 1678
7 1679
7 1680
7 1681
7 1682
7 1683
7 1684
7 1685
7 1686
7 1687
7 1688
7 1689
7 1690
7 1691
7 1692
7 1693
7 1694
7 1695
7 1696
7 1697
7 1698
7 1699
7 1700
7 1701
7 1702
7 1703
7 1704
7 1705
7 1706
7 1707
7 1708
7 1709
7 1710
7 1711
7 1712
7 1713
7 1714
7 1715
7 1716
7 1717
7 1718
7 1719
7 1720
7 1721
7 1722
7 1723
7 1724
7 1725
7 1726
7 1727
7 1728
7 1729
7 1730
7 1731
7 1732
7 1733
7 1734
7 1735
7 1736
7 1737
7 1738
7 1739
7 1740
7 1741
7 1742
7 1743
7 1744
7 1745
7 1746
7 1747
7 1748
7 1749
7 1750
7 1751
7 1752
7 1753
7 1754
7 1755
7 1756
7 1757
7 1758
7 1759
7 1760
7 1761
7 1762
7 1763
7 1764
7 1765
7 1766
7 1767
7 1768
7 1769
7 1770
7 1771
7 1772
7 1773
7 1774
7 1775
7 1776
7 1777
7 1778
7 1779
7 1780
7 1781
7 1782
7 1783
7 1784
7 1785
7 1786
7 1787
7 1788
7 1789
7 1790
7 1791
7 1792
7 1793
7 1794
7 1795
7 1796
7 1797
7 1798
7 1799
7 1800
7 1801
7 1802
7 1803
7 1804
7 1805
7 1806
7 1807
7 1808
7 1809
7 1810
7 1811
7 1812
7 1813
7 1814
7 1815
7 1816
7 1817
7 1818
7 1819
7 1820
7 1821
7 1822
7 1823
7 1824
7 1825
7 1826
7 1827
7 1828
7 1829
7 1830
7 1831
7 1832
7 1833
7 1834
7 1835
7 1836
7 1837
7 1838
7 1839
7 1840
7 1841
7 1842
7 1843
7 1844
7 1845
7 1846
7 1847
7 1848
7 1849
7 1850
7 1851
7 1852
7 1853
7 1854
7 1855
7 1856
7 1857
7 1858
7 1859
7 1860
7 1861
7 1862
7 1863
7 1864
7 1865
7 1866
7 1867
7 1868
7 1869
7 1870
7 1871
7 1872
7 1873
7 1874
7 1875
7 1876
7 1877
7 1878
7 1879
7 1880
7 1881
7 1882
7 1883
7 1884
7 1885
7 1886
7 1887
7 1888
7 1889
7 1890
7 1891
7 1892
7 1893
4 1894
4 1895
4 1896
4 1897
4 1898
4 1899
4 1900
4 1901
4 1902
4 1903
4 1904
4 1905
4 1906
4 1907
4 1908
4 1909
4 1910
4 1911
4 1912
4 1913
4 1914
4 1915
4 1916
4 1917
4 1918
4 1919
4 1920
4 1921
4 1922
4 1923
4 1924
4 1925
4 1926
4 1927
4 1928
4 1929
4 1930
4 1931
4 1932
4 1933
4 1934
4 1935
4 1936
4 1937
4 1938
4 1939
4 1940
4 1941
4 1942
4 1943
4 1944
4 1945
4 1946
4 1947
4 1948
4 1949
4 1950
4 1951
4 1952
4 1953
4 1954
4 1955
4 1956
4 1957
4 1958
4 1959
4 1960
4 1961
4 1962
4 1963
4 1964
4 1965
4 1966
4 1967
4 1968
4 1969
4 1970
4 1971
4 1972
4 1973
4 1974
4 1975
4 1976
4 1977
4 1978
4 1979
4 1980
4 1981
4 1982
4 1983
4 1984
4 1985
4 1986
4 1987
4 1988
4 1989
4 1990
4 1991
4 1992
4 1993
4 1994
4 1995
4 1996
4 1997
4 1998
4 1999
4 2000
4 2001
4 2002
4 2003
4 2004
4 2005
4 2006
4 2007
4 2008
4 2009
4 2010
4 2011
4 2012
4 2013
4 2014
4 2015
4 2016
4 2017
4 2018
4 2019
4 2020
4 2021
4 2022
4 2023
4 2024
4 2025
4 2026
4 2027
4 2028
4 2029
4 2030
4 2031
4 2032
4 2033
4 2034
4 2035
4 2036
4 2037
4 2038
4 2039
4 2040
4 2041
4 2042
4 2043
4 2044
4 2045
4 2046
4 2047
4 2048
4 2049
4 2050
4 2051
4 2052
4 2053
4 2054
4 2055
4 2056
4 2057
4 2058
4 2059
4 2060
4 2061
4 2062
4 2063
4 2064
4 2065
4 2066
4 2067
4 2068
4 2069
4 2070
4 2071
4 2072
4 2073
4 2074
4 2075
4 2076
4 2077
4 2078
4 2079
4 2080
4 2081
4 2082
4 2083
4 2084
4 2085
4 2086
4 2087
4 2088
4 2089
4 2090
4 2091
4 2092
4 2093
4 2094
4 2095
4 2096
4 2097
4 2098
4 2099
4 2100
4 2101
4 2102
4 2103
4 2104
4 2105
4 2106
4 2107
4 2108
4 2109
4 2110
4 2111
4 2112
4 2113
4 2114
4 2115
4 2116
4 2117
4 2118
4 2119
4 2120
4 2121
4 2122
4 2123
4 2124
4 2125
4 2126
4 2127
4 2128
4 2129
4 2130
4 2131
4 2132
4 2133
4 2134
4 2135
4 2136
4 2137
4 2138
4 2139
4 2140
4 2141
4 2142
4 2143
4 2144
4 2145
4 2146
4 2147
4 2148
4 2149
4 2150
4 2151
4 2152
4 2153
4 2154
4 2155
4 2156
4 2157
4 2158
4 2159
4 2160
4 2161
4 2162
4 2163
4 2164
4 2165
4 2166
4 2167
4 2168
4 2169
4 2170
4 2171
4 2172
4 2173
4 2174
4 2175
4 2176
4 2177
4 2178
4 2179
4 2180
4 2181
4 2182
4 2183
4 2184
4 2185
4 2186
4 2187
4 2188
4 2189
4 2190
4 2191
4 2192
4 2193
4 2194
4 2195
4 2196
4 2197
4 2198
4 2199
4 2200
4 2201
4 2202
4 2203
4 2204
4 2205
4 2206
4 2207
4 2208
4 2209
4 2210
4 2211
4 2212
4 2213
4 2214
4 2215
4 2216
4 2217
4 2218
4 2219
4 2220
4 2221
4 2222
4 2223
4 2224
4 2225
4 2226
4 2227
4 2228
4 2229
4 2230
4 2231
4 2232
4 2233
4 2234
4 2235
4 2236
4 2237
4 2238
4 2239
4 2240
4 2241
4 2242
4 2243
4 2244
4 2245
4 2246
4 2247
4 2248
4 2249
16 2250
16 2251
16 2252
16 2253
16 2254
16 2255
16 2256
16 2257
16 2258
16 2259
16 2260
16 2261
16 2262
16 2263
16 2264
16 2265
16 2266
16 2267
16 2268
16 2269
16 2270
16 2271
16 2272
16 2273
16 2274
16 2275
16 2276
16 2277
16 2278
16 2279
16 2280
16 2281
16 2282
16 2283
16 2284
16 2285
16 2286
16 2287
16 2288
16 2289
16 2290
16 2291
16 2292
16 2293
16 2294
16 2295
16 2296
16 2297
16 2298
16 2299
16 2300
16 2301
16 2302
16 2303
16 2304
16 2305
16 2306
16 2307
16 2308
16 2309
16 2310
16 2311
16 2312
16 2313
16 2314
16 2315
16 2316
16 2317
16 2318
16 2319
16 2320
16 2321
16 2322
16 2323
16 2324
16 2325
16 2326
16 2327
16 2328
16 2329
16 2330
16 2331
16 2332
16 2333
16 2334
16 2335
16 2336
16 2337
16 2338
16 2339
16 2340
16 2341
16 2342
16 2343
16 2344
16 2345
16 2346
16 2347
16 2348
16 2349
16 2350
16 2351
16 2352
16 2353
16 2354
16 2355
16 2356
16 2357
16 2358
16 2359
16 2360
16 2361
16 2362
16 2363
16 2364
16 2365
16 2366
16 2367
16 2368
16 2369
16 2370
16 2371
16 2372
16 2373
16 2374
16 2375
16 2376
16 2377
16 2378
16 2379
16 2380
16 2381
16 2382
16 2383
16 2384
16 2385
16 2386
16 2387
16 2388
16 2389
16 2390
16 2391
16 2392
16 2393
16 2394
16 2395
16 2396
16 2397
16 2398
16 2399
16 2400
16 2401
16 2402
16 2403
16 2404
16 2405
16 2406
16 2407
16 2408
16 2409
16 2410
16 2411
16 2412
16 2413
16 2414
16 2415
16 2416
16 2417
16 2418
16 2419
16 2420
16 2421
16 2422
16 2423
16 2424
16 2425
16 2426
16 2427
16 2428
16 2429
16 2430
16 2431
16 2432
16 2433
16 2434
16 2435
16 2436
16 2437
16 2438
16 2439
16 2440
16 2441
16 2442
16 2443
16 2444
16 2445
16 2446
16 2447
16 2448
16 2449
16 2450
16 2451
16 2452
16 2453
16 2454
16 2455
16 2456
16 2457
16 2458
16 2459
16 2460
16 2461
16 2462
16 2463
16 2464
16 2465
16 2466
16 2467
16 2468
16 2469
16 2470
16 2471
16 2472
16 2473
16 2474
16 2475
16 2476
16 2477
16 2478
16 2479
16 2480
16 2481
16 2482
16 2483
16 2484
16 2485
16 2486
16 2487
16 2488
16 2489
16 2490
16 2491
16 2492
16 2493
16 2494
16 2495
16 2496
16 2497
16 2498
16 2499
16 2500
16 2501
16 2502
16 2503
16 2504
16 2505
16 2506
16 2507
16 2508
16 2509
16 2510
16 2511
16 2512
16 2513
16 2514
16 2515
16 2516
16 2517
16 2518
16 2519
16 2520
16 2521
16 2522
16 2523
16 2524
16 2525
16 2526
16 2527
16 2528
16 2529
16 2530
16 2531
16 2532
16 2533
16 2534
16 2535
16 2536
16 2537
16 2538
16 2539
16 2540
16 2541
16 2542
16 2543
16 2544
16 2545
16 2546
16 2547
16 2548
16 2549
16 2550
16 2551
16 2552
16 2553
16 2554
16 2555
16 2556
16 2557
16 2558
16 2559
16 2560
16 2561
16 2562
16 2563
16 2564
16 2565
16 2566
16 2567
16 2568
16 2569
16 2570
16 2571
16 2572
16 2573
16 2574
16 2575
16 2576
16 2577
16 2578
16 2579
16 2580
16 2581
16 2582
16 2583
16 2584
16 2585
16 2586
16 2587
16 2588
16 2589
16 2590
16 2591
16 2592
16 2593
16 2594
16 2595
16 2596
16 2597
16 2598
16 2599
16 2600
16 2601
16 2602
16 2603
16 2604
16 2605
16 2606
16 2607
16 2608
16 2609
16 2610
16 2611
16 2612
16 2613
16 2614
16 2615
16 2616
16 2617
16 2618
16 2619
16 2620
16 2621
16 2622
16 2623
16 2624
16 2625
16 2626
16 2627
16 2628
16 2629
16 2630
16 2631
16 2632
16 2633
16 2634
16 2635
16 2636
16 2637
16 2638
16 2639
16 2640
16 2641
16 2642
16 2643
16 2644
16 2645
16 2646
16 2647
16 2648
16 2649
16 2650
16 2651
16 2652
16 2653
16 2654
16 2655
16 2656
16 2657
16 2658
16 2659
16 2660
16 2661
16 2662
16 2663
16 2664
16 2665
16 2666
16 2667
16 2668
16 2669
16 2670
16 2671
16 2672
16 2673
16 2674
16 2675
16 2676
16 2677
16 2678
16 2679
16 2680
16 2681
16 2682
16 2683
16 2684
16 2685
3 2686
3 2687
3 2688
3 2689
3 2690
3 2691
3 2692
3 2693
3 2694
3 2695
3 2696
3 2697
3 2698
3 2699
3 2700
3 2701
3 2702
3 2703
3 2704
3 2705
3 2706
3 2707
3 2708
3 2709
3 2710
3 2711
3 2712
3 2713
3 2714
3 2715
3 2716
3 2717
3 2718
3 2719
3 2720
3 2721
3 2722
3 2723
3 2724
3 2725
3 2726
3 2727
3 2728
3 2729
3 2730
3 2731
3 2732
3 2733
3 2734
3 2735
3 2736
3 2737
3 2738
3 2739
3 2740
3 2741
3 2742
3 2743
3 2744
3 2745
3 2746
3 2747
3 2748
3 2749
3 2750
3 2751
3 2752
3 2753
3 2754
3 2755
3 2756
3 2757
3 2758
3 2759
3 2760
3 2761
3 2762
3 2763
3 2764
3 2765
3 2766
3 2767
3 2768
3 2769
3 2770
3 2771
3 2772
3 2773
3 2774
3 2775
3 2776
3 2777
3 2778
3 2779
3 2780
3 2781
3 2782
3 2783
3 2784
3 2785
3 2786
3 2787
3 2788
3 2789
3 2790
3 2791
3 2792
3 2793
3 2794
3 2795
3 2796
3 2797
3 2798
3 2799
3 2800
3 2801
3 2802
3 2803
3 2804
3 2805
3 2806
3 2807
3 2808
3 2809
3 2810
3 2811
3 2812
3 2813
3 2814
3 2815
3 2816
3 2817
3 2818
3 2819
3 2820
3 2821
3 2822
3 2823
3 2824
3 2825
3 2826
3 2827
3 2828
3 2829
3 2830
3 2831
3 2832
3 2833
3 2834
3 2835
3 2836
3 2837
3 2838
3 2839
3 2840
3 2841
3 2842
3 2843
3 2844
3 2845
3 2846
3 2847
3 2848
3 2849
3 2850
3 2851
3 2852
3 2853
3 2854
3 2855
3 2856
3 2857
3 2858
3 2859
3 2860
3 2861
3 2862
3 2863
3 2864
3 2865
3 2866
3 2867
3 2868
3 2869
3 2870
3 2871
3 2872
3 2873
3 2874
3 2875
3 2876
3 2877
3 2878
3 2879
3 2880
3 2881
3 2882
3 2883
3 2884
3 2885
3 2886
3 2887
3 2888
3 2889
3 2890
3 2891
3 2892
3 2893
3 2894
3 2895
3 2896
3 2897
3 2898
3 2899
3 2900
3 2901
3 2902
3 2903
3 2904
3 2905
3 2906
3 2907
3 2908
3 2909
3 2910
3 2911
3 2912
3 2913
9 2914
9 2915
9 2916
9 2917
9 2918
9 2919
9 2920
9 2921
9 2922
9 2923
9 2924
9 2925
9 2926
9 2927
9 2928
9 2929
9 2930
9 2931
9 2932
9 2933
9 2934
9 2935
9 2936
9 2937
9 2938
9 2939
9 2940
9 2941
9 2942
9 2943
9 2944
9 2945
9 2946
9 2947
9 2948
9 2949
9 2950
9 2951
9 2952
9 2953
9 2954
9 2955
9 2956
9 2957
9 2958
9 2959
9 2960
9 2961
9 2962
9 2963
9 2964
9 2965
9 2966
9 2967
9 2968
9 2969
9 2970
9 2971
9 2972
9 2973
9 2974
9 2975
9 2976
9 2977
9 2978
9 2979
9 2980
9 2981
9 2982
9 2983
9 2984
9 2985
9 2986
9 2987
9 2988
9 2989
9 2990
9 2991
9 2992
9 2993
9 2994
9 2995
9 2996
9 2997
9 2998
9 2999
9 3000
9 3001
9 3002
9 3003
9 3004
9 3005
9 3006
9 3007
9 3008
9 3009
9 3010
9 3011
9 3012
9 3013
9 3014
9 3015
9 3016
9 3017
9 3018
9 3019
9 3020
9 3021
9 3022
9 3023
9 3024
9 3025
9 3026
9 3027
9 3028
9 3029
9 3030
9 3031
9 3032
9 3033
9 3034
9 3035
9 3036
9 3037
9 3038
9 3039
9 3040
9 3041
9 3042
9 3043
9 3044
9 3045
9 3046
9 3047
9 3048
9 3049
9 3050
9 3051
9 3052
9 3053
9 3054
9 3055
9 3056
9 3057
9 3058
9 3059
9 3060
9 3061
9 3062
9 3063
9 3064
9 3065
9 3066
9 3067
9 3068
9 3069
9 3070
9 3071
9 3072
9 3073
9 3074
9 3075
9 3076
9 3077
9 3078
9 3079
9 3080
9 3081
9 3082
9 3083
9 3084
9 3085
9 3086
9 3087
9 3088
9 3089
9 3090
9 3091
9 3092
9 3093
9 3094
9 3095
9 3096
9 3097
9 3098
9 3099
9 3100
9 3101
9 3102
9 3103
9 3104
9 3105
9 3106
9 3107
9 3108
9 3109
9 3110
9 3111
9 3112
9 3113
9 3114
9 3115
9 3116
9 3117
9 3118
9 3119
9 3120
9 3121
9 3122
9 3123
9 3124
9 3125
9 3126
9 3127
9 3128
9 3129
9 3130
9 3131
9 3132
9 3133
9 3134
9 3135
9 3136
9 3137
9 3138
9 3139
9 3140
9 3141
9 3142
9 3143
9 3144
9 3145
9 3146
9 3147
9 3148
9 3149
9 3150
9 3151
9 3152
9 3153
9 3154
9 3155
9 3156
9 3157
9 3158
9 3159
9 3160
9 3161
9 3162
9 3163
9 3164
9 3165
9 3166
9 3167
9 3168
9 3169
9 3170
9 3171
9 3172
9 3173
9 3174
9 3175
9 3176
9 3177
9 3178
9 3179
9 3180
9 3181
9 3182
9 3183
9 3184
9 3185
9 3186
9 3187
9 3188
9 3189
9 3190
9 3191
9 3192
9 3193
9 3194
9 3195
9 3196
9 3197
9 3198
9 3199
9 3200
9 3201
9 3202
9 3203
9 3204
9 3205
9 3206
9 3207
9 3208
9 3209
9 3210
9 3211
9 3212
9 3213
9 3214
9 3215
9 3216
9 3217
9 3218
9 3219
9 3220
9 3221
9 3222
9 3223
9 3224
9 3225
9 3226
9 3227
9 3228
9 3229
9 3230
9 3231
9 3232
9 3233
9 3234
9 3235
9 3236
9 3237
9 3238
9 3239
9 3240
9 3241
9 3242
9 3243
9 3244
9 3245
9 3246
9 3247
9 3248
9 3249
9 3250
9 3251
9 3252
9 3253
9 3254
9 3255
9 3256
9 3257
9 3258
9 3259
9 3260
9 3261
9 3262
9 3263
9 3264
9 3265
9 3266
9 3267
9 3268
9 3269
9 3270
9 3271
9 3272
9 3273
9 3274
9 3275
9 3276
9 3277
9 3278
9 3279
9 3280
9 3281
9 3282
9 3283
9 3284
9 3285
9 3286
9 3287
9 3288
9 3289
9 3290
9 3291
9 3292
9 3293
9 3294
9 3295
9 3296
9 3297
9 3298
9 3299
9 3300
9 3301
9 3302
9 3303
9 3304
9 3305
9 3306
9 3307
9 3308
9 3309
9 3310
9 3311
9 3312
9 3313
9 3314
9 3315
9 3316
9 3317
9 3318
9 3319
9 3320
9 3321
9 3322
9 3323
9 3324
9 3325
9 3326
9 3327
9 3328
9 3329
9 3330
9 3331
9 3332
9 3333
9 3334
9 3335
9 3336
9 3337
9 3338
9 3339
9 3340
9 3341
9 3342
9 3343
9 3344
9 3345
9 3346
9 3347
9 3348
9 3349
9 3350
9 3351
9 3352
9 3353
9 3354
9 3355
9 3356
9 3357
9 3358
9 3359
9 3360
9 3361
9 3362
9 3363
9 3364
9 3365
9 3366
9 3367
9 3368
9 3369
9 3370
9 3371
9 3372
9 3373
9 3374
9 3375
9 3376
9 3377
9 3378
9 3379
9 3380
9 3381
9 3382
9 3383
9 3384
9 3385
9 3386
9 3387
9 3388
9 3389
9 3390
9 3391
9 3392
9 3393
9 3394
9 3395
9 3396
9 3397
9 3398
9 3399
9 3400
9 3401
9 3402
9 3403
9 3404
9 3405
9 3406
9 3407
9 3408
9 3409
9 3410
9 3411
9 3412
9 3413
9 3414
9 3415
9 3416
9 3417
9 3418
9 3419
9 3420
9 3421
9 3422
9 3423
9 3424
9 3425
9 3426
9 3427
9 3428
9 3429
9 3430
9 3431
9 3432
9 3433
9 3434
9 3435
9 3436
9 3437
9 3438
9 3439
9 3440
9 3441
9 3442
9 3443
9 3444
9 3445
9 3446
9 3447
9 3448
9 3449
9 3450
9 3451
9 3452
9 3453
9 3454
9 3455
9 3456
9 3457
9 3458
9 3459
9 3460
9 3461
9 3462
9 3463
9 3464
9 3465
9 3466
9 3467
9 3468
9 3469
9 3470
9 3471
9 3472
9 3473
9 3474
9 3475
9 3476
9 3477
9 3478
9 3479
9 3480
9 3481
9 3482
9 3483
9 3484
9 3485
9 3486
9 3487
9 3488
9 3489
9 3490
9 3491
9 3492
9 3493
9 3494
9 3495
9 3496
9 3497
9 3498
9 3499
9 3500
9 3501
9 3502
9 3503
9 3504
9 3505
9 3506
9 3507
9 3508
9 3509
9 3510
9 3511
9 3512
9 3513
9 3514
9 3515
9 3516
9 3517
9 3518
9 3519
9 3520
9 3521
9 3522
9 3523
9 3524
9 3525
9 3526
9 3527
9 3528
9 3529
9 3530
9 3531
9 3532
9 3533
9 3534
9 3535
9 3536
9 3537
9 3538
9 3539
9 3540
9 3541
9 3542
9 3543
9 3544
9 3545
9 3546
9 3547
9 3548
9 3549
9 3550
9 3551
9 3552
9 3553
9 3554
9 3555
9 3556
9 3557
9 3558
9 3559
9 3560
9 3561
9 3562
9 3563
9 3564
9 3565
9 3566
9 3567
9 3568
9 3569
9 3570
9 3571
9 3572
9 3573
9 3574
9 3575
9 3576
9 3577
9 3578
9 3579
9 3580
9 3581
9 3582
9 3583
9 3584
9 3585
9 3586
9 3587
9 3588
9 3589
9 3590
9 3591
9 3592
9 3593
9 3594
9 3595
9 3596
9 3597
9 3598
9 3599
9 3600
9 3601
9 3602
9 3603
9 3604
9 3605
9 3606
9 3607
9 3608
9 3609
9 3610
9 3611
9 3612
9 3613
9 3614
9 3615
9 3616
9 3617
9 3618
9 3619
9 3620
9 3621
9 3622
9 3623
9 3624
9 3625
9 3626
9 3627
9 3628
9 3629
9 3630
9 3631
9 3632
9 3633
9 3634
9 3635
9 3636
9 3637
9 3638
9 3639
9 3640
9 3641
9 3642
9 3643
9 3644
9 3645
9 3646
9 3647
9 3648
9 3649
9 3650
9 3651
9 3652
9 3653
9 3654
9 3655
9 3656
9 3657
9 3658
9 3659
9 3660
9 3661
9 3662
9 3663
9 3664
9 3665
9 3666
9 3667
9 3668
9 3669
9 3670
9 3671
9 3672
9 3673
9 3674
9 3675
9 3676
9 3677
9 3678
9 3679
9 3680
9 3681
9 3682
9 3683
9 3684
9 3685
9 3686
9 3687
9 3688
9 3689
9 3690
9 3691
9 3692
9 3693
9 3694
9 3695
9 3696
9 3697
9 3698
9 3699
9 3700
9 3701
9 3702
9 3703
9 3704
9 3705
9 3706
9 3707
9 3708
9 3709
9 3710
9 3711
9 3712
9 3713
9 3714
9 3715
9 3716
9 3717
9 3718
9 3719
9 3720
9 3721
9 3722
9 3723
9 3724
9 3725
9 3726
9 3727
9 3728
9 3729
9 3730
9 3731
9 3732
9 3733
9 3734
9 3735
9 3736
9 3737
9 3738
9 3739
9 3740
9 3741
9 3742
9 3743
9 3744
9 3745
9 3746
9 3747
9 3748
9 3749
9 3750
9 3751
9 3752
9 3753
9 3754
9 3755
9 3756
9 3757
9 3758
9 3759
9 3760
9 3761
9 3762
9 3763
9 3764
9 3765
9 3766
9 3767
9 3768
9 3769
9 3770
9 3771
9 3772
9 3773
9 3774
9 3775
9 3776
9 3777
9 3778
9 3779
9 3780
9 3781
9 3782
9 3783
9 3784
9 3785
9 3786
9 3787
9 3788
9 3789
9 3790
9 3791
9 3792
9 3793
9 3794
9 3795
9 3796
9 3797
9 3798
9 3799
9 3800
9 3801
9 3802
9 3803
9 3804
9 3805
9 3806
9 3807
9 3808
9 3809
9 3810
9 3811
9 3812
9 3813
9 3814
9 3815
9 3816
9 3817
9 3818
9 3819
9 3820
9 3821
9 3822
9 3823
9 3824
9 3825
9 3826
9 3827
9 3828
9 3829
9 3830
9 3831
9 3832
9 3833
9 3834
9 3835
9 3836
9 3837
9 3838
9 3839
9 3840
9 3841
9 3842
9 3843
9 3844
9 3845
9 3846
9 3847
9 3848
9 3849
9 3850
9 3851
9 3852
9 3853
9 3854
9 3855
9 3856
9 3857
9 3858
9 3859
9 3860
9 3861
9 3862
9 3863
9 3864
9 3865
9 3866
9 3867
9 3868
9 3869
9 3870
9 3871
9 3872
9 3873
9 3874
9 3875
9 3876
9 3877
9 3878
9 3879
9 3880
9 3881
9 3882
9 3883
9 3884
9 3885
9 3886
9 3887
9 3888
9 3889
9 3890
9 3891
9 3892
9 3893
9 3894
9 3895
9 3896
9 3897
9 3898
9 3899
9 3900
9 3901
9 3902
9 3903
9 3904
9 3905
9 3906
9 3907
9 3908
9 3909
9 3910
9 3911
9 3912
9 3913
9 3914
9 3915
9 3916
9 3917
9 3918
9 3919
9 3920
9 3921
9 3922
9 3923
9 3924
9 3925
9 3926
9 3927
9 3928
9 3929
9 3930
9 3931
9 3932
9 3933
9 3934
9 3935
9 3936
9 3937
9 3938
9 3939
9 3940
9 3941
9 3942
9 3943
9 3944
9 3945
9 3946
9 3947
9 3948
9 3949
9 3950
9 3951
9 3952
9 3953
9 3954
9 3955
9 3956
9 3957
9 3958
9 3959
9 3960
9 3961
9 3962
9 3963
9 3964
9 3965
9 3966
9 3967
9 3968
9 3969
9 3970
9 3971
9 3972
9 3973
9 3974
9 3975
9 3976
9 3977
9 3978
9 3979
9 3980
9 3981
9 3982
9 3983
9 3984
9 3985
9 3986
9 3987
9 3988
9 3989
9 3990
9 3991
9 3992
9 3993
9 3994
9 3995
9 3996
9 3997
9 3998
9 3999
9 4000
9 4001
9 4002
9 4003
9 4004
9 4005
9 4006
9 4007
9 4008
9 4009
9 4010
9 4011
9 4012
9 4013
9 4014
9 4015
9 4016
9 4017
9 4018
9 4019
9 4020
9 4021
9 4022
9 4023
9 4024
9 4025
9 4026
9 4027
9 4028
9 4029
9 4030
9 4031
9 4032
9 4033
9 4034
9 4035
9 4036
9 4037
9 4038
9 4039
9 4040
9 4041
9 4042
9 4043
9 4044
9 4045
9 4046
9 4047
9 4048
9 4049
9 4050
9 4051
9 4052
9 4053
9 4054
9 4055
9 4056
9 4057
9 4058
9 4059
9 4060
9 4061
9 4062
9 4063
14 4064
14 4065
14 4066
14 4067
14 4068
14 4069
14 4070
14 4071
14 4072
14 4073
14 4074
14 4075
14 4076
14 4077
14 4078
14 4079
14 4080
14 4081
14 4082
14 4083
14 4084
14 4085
14 4086
14 4087
14 4088
14 4089
14 4090
14 4091
14 4092
14 4093
14 4094
14 4095
14 4096
14 4097
14 4098
14 4099
14 4100
14 4101
14 4102
14 4103
14 4104
14 4105
14 4106
14 4107
14 4108
14 4109
14 4110
14 4111
14 4112
14 4113
14 4114
14 4115
14 4116
14 4117
14 4118
14 4119
14 4120
14 4121
14 4122
14 4123
14 4124
14 4125
14 4126
14 4127
14 4128
14 4129
14 4130
14 4131
14 4132
14 4133
14 4134
14 4135
14 4136
14 4137
14 4138
14 4139
14 4140
14 4141
14 4142
14 4143
14 4144
14 4145
14 4146
14 4147
14 4148
14 4149
14 4150
14 4151
14 4152
14 4153
14 4154
14 4155
14 4156
14 4157
14 4158
14 4159
14 4160
14 4161
14 4162
14 4163
14 4164
14 4165
14 4166
14 4167
14 4168
14 4169
14 4170
14 4171
14 4172
14 4173
14 4174
14 4175
14 4176
14 4177
14 4178
14 4179
14 4180
14 4181
14 4182
14 4183
14 4184
14 4185
14 4186
14 4187
14 4188
14 4189
14 4190
14 4191
14 4192
14 4193
14 4194
14 4195
14 4196
14 4197
14 4198
14 4199
14 4200
14 4201
14 4202
14 4203
14 4204
14 4205
14 4206
14 4207
14 4208
14 4209
14 4210
14 4211
14 4212
14 4213
14 4214
14 4215
14 4216
14 4217
14 4218
14 4219
14 4220
14 4221
14 4222
14 4223
14 4224
14 4225
14 4226
14 4227
14 4228
14 4229
14 4230
14 4231
14 4232
14 4233
14 4234
14 4235
14 4236
14 4237
14 4238
14 4239
14 4240
14 4241
14 4242
14 4243
14 4244
14 4245
14 4246
14 4247
14 4248
14 4249
14 4250
14 4251
14 4252
14 4253
14 4254
14 4255
14 4256
14 4257
14 4258
14 4259
14 4260
14 4261
14 4262
14 4263
14 4264
14 4265
14 4266
14 4267
14 4268
14 4269
14 4270
14 4271
14 4272
14 4273
14 4274
14 4275
14 4276
14 4277
14 4278
14 4279
14 4280
14 4281
14 4282
14 4283
14 4284
14 4285
14 4286
14 4287
14 4288
14 4289
14 4290
14 4291
14 4292
14 4293
14 4294
14 4295
14 4296
14 4297
14 4298
14 4299
14 4300
14 4301
14 4302
14 4303
14 4304
14 4305
14 4306
14 4307
14 4308
14 4309
14 4310
14 4311
14 4312
14 4313
14 4314
14 4315
14 4316
14 4317
14 4318
14 4319
14 4320
14 4321
14 4322
14 4323
14 4324
14 4325
14 4326
14 4327
14 4328
14 4329
14 4330
14 4331
14 4332
14 4333
14 4334
14 4335
14 4336
14 4337
14 4338
14 4339
14 4340
14 4341
14 4342
14 4343
14 4344
14 4345
14 4346
14 4347
14 4348
14 4349
14 4350
14 4351
14 4352
14 4353
14 4354
14 4355
14 4356
14 4357
14 4358
14 4359
14 4360
14 4361
14 4362
14 4363
14 4364
14 4365
14 4366
14 4367
14 4368
14 4369
14 4370
14 4371
14 4372
14 4373
14 4374
14 4375
14 4376
14 4377
14 4378
14 4379
14 4380
14 4381
14 4382
14 4383
14 4384
14 4385
14 4386
14 4387
14 4388
14 4389
14 4390
14 4391
14 4392
14 4393
14 4394
14 4395
14 4396
14 4397
14 4398
14 4399
14 4400
14 4401
14 4402
14 4403
14 4404
14 4405
14 4406
14 4407
14 4408
14 4409
14 4410
14 4411
14 4412
14 4413
14 4414
14 4415
14 4416
14 4417
14 4418
14 4419
14 4420
14 4421
14 4422
14 4423
14 4424
14 4425
14 4426
14 4427
14 4428
14 4429
14 4430
14 4431
14 4432
14 4433
14 4434
14 4435
14 4436
14 4437
14 4438
14 4439
14 4440
14 4441
14 4442
14 4443
14 4444
14 4445
14 4446
14 4447
14 4448
14 4449
14 4450
14 4451
14 4452
14 4453
14 4454
14 4455
14 4456
14 4457
14 4458
14 4459
14 4460
14 4461
14 4462
14 4463
14 4464
14 4465
14 4466
14 4467
14 4468
14 4469
14 4470
14 4471
14 4472
14 4473
14 4474
14 4475
14 4476
14 4477
14 4478
14 4479
14 4480
14 4481
14 4482
14 4483
14 4484
14 4485
14 4486
14 4487
14 4488
14 4489
14 4490
14 4491
14 4492
14 4493
14 4494
14 4495
14 4496
14 4497
14 4498
14 4499
14 4500
14 4501
14 4502
14 4503
14 4504
14 4505
14 4506
14 4507
14 4508
14 4509
14 4510
14 4511
14 4512
14 4513
14 4514
14 4515
14 4516
14 4517
14 4518
14 4519
14 4520
14 4521
14 4522
14 4523
14 4524
14 4525
14 4526
14 4527
14 4528
14 4529
14 4530
14 4531
14 4532
14 4533
14 4534
14 4535
14 4536
14 4537
14 4538
14 4539
14 4540
14 4541
14 4542
14 4543
14 4544
14 4545
14 4546
14 4547
14 4548
14 4549
14 4550
14 4551
14 4552
14 4553
14 4554
14 4555
14 4556
14 4557
14 4558
14 4559
14 4560
14 4561
14 4562
14 4563
14 4564
14 4565
14 4566
14 4567
14 4568
14 4569
14 4570
14 4571
14 4572
14 4573
14 4574
14 4575
14 4576
14 4577
14 4578
14 4579
14 4580
14 4581
14 4582
14 4583
14 4584
14 4585
14 4586
14 4587
14 4588
14 4589
14 4590
14 4591
14 4592
14 4593
14 4594
14 4595
14 4596
14 4597
14 4598
14 4599
14 4600
14 4601
14 4602
14 4603
14 4604
14 4605
14 4606
14 4607
14 4608
14 4609
14 4610
14 4611
14 4612
14 4613
14 4614
14 4615
14 4616
14 4617
14 4618
14 4619
14 4620
14 4621
14 4622
14 4623
14 4624
14 4625
14 4626
14 4627
14 4628
14 4629
14 4630
14 4631
14 4632
14 4633
14 4634
14 4635
14 4636
14 4637
14 4638
14 4639
14 4640
14 4641
14 4642
14 4643
14 4644
14 4645
14 4646
14 4647
14 4648
14 4649
14 4650
14 4651
14 4652
14 4653
14 4654
14 4655
14 4656
14 4657
14 4658
14 4659
14 4660
14 4661
14 4662
14 4663
14 4664
14 4665
14 4666
14 4667
14 4668
14 4669
14 4670
14 4671
14 4672
14 4673
14 4674
14 4675
14 4676
14 4677
14 4678
14 4679
14 4680
14 4681
14 4682
14 4683
14 4684
14 4685
14 4686
14 4687
14 4688
14 4689
14 4690
14 4691
14 4692
14 4693
14 4694
14 4695
14 4696
14 4697
14 4698
14 4699
14 4700
14 4701
14 4702
14 4703
14 4704
14 4705
14 4706
14 4707
14 4708
14 4709
14 4710
14 4711
14 4712
14 4713
14 4714
14 4715
14 4716
14 4717
14 4718
14 4719
14 4720
14 4721
14 4722
14 4723
14 4724
14 4725
14 4726
14 4727
14 4728
14 4729
14 4730
14 4731
14 4732
14 4733
14 4734
14 4735
14 4736
14 4737
14 4738
14 4739
14 4740
14 4741
14 4742
14 4743
14 4744
14 4745
14 4746
14 4747
14 4748
14 4749
14 4750
14 4751
14 4752
14 4753
14 4754
14 4755
14 4756
14 4757
14 4758
14 4759
14 4760
14 4761
14 4762
14 4763
14 4764
14 4765
14 4766
14 4767
14 4768
14 4769
14 4770
14 4771
14 4772
14 4773
14 4774
14 4775
14 4776
14 4777
14 4778
14 4779
14 4780
14 4781
14 4782
14 4783
14 4784
14 4785
14 4786
14 4787
14 4788
14 4789
14 4790
14 4791
14 4792
14 4793
14 4794
14 4795
14 4796
14 4797
14 4798
14 4799
14 4800
14 4801
14 4802
14 4803
14 4804
14 4805
14 4806
14 4807
14 4808
14 4809
14 4810
14 4811
14 4812
14 4813
14 4814
14 4815
14 4816
14 4817
14 4818
14 4819
14 4820
14 4821
14 4822
14 4823
14 4824
14 4825
14 4826
14 4827
14 4828
14 4829
14 4830
14 4831
14 4832
14 4833
14 4834
14 4835
14 4836
14 4837
14 4838
14 4839
14 4840
14 4841
14 4842
14 4843
14 4844
14 4845
14 4846
14 4847
14 4848
14 4849
14 4850
14 4851
14 4852
14 4853
14 4854
14 4855
14 4856
14 4857
14 4858
14 4859
14 4860
14 4861
14 4862
14 4863
14 4864
14 4865
14 4866
14 4867
14 4868
14 4869
14 4870
14 4871
14 4872
14 4873
14 4874
14 4875
14 4876
14 4877
14 4878
14 4879
14 4880
14 4881
14 4882
14 4883
14 4884
14 4885
14 4886
14 4887
14 4888
14 4889
14 4890
14 4891
14 4892
14 4893
14 4894
14 4895
14 4896
14 4897
14 4898
14 4899
14 4900
14 4901
14 4902
14 4903
14 4904
14 4905
14 4906
14 4907
14 4908
14 4909
14 4910
14 4911
14 4912
14 4913
14 4914
14 4915
14 4916
14 4917
14 4918
14 4919
14 4920
14 4921
14 4922
14 4923
14 4924
14 4925
14 4926
14 4927
14 4928
14 4929
14 4930
14 4931
14 4932
14 4933
14 4934
14 4935
14 4936
14 4937
14 4938
14 4939
14 4940
14 4941
14 4942
14 4943
14 4944
14 4945
14 4946
14 4947
14 4948
14 4949
14 4950
14 4951
14 4952
14 4953
14 4954
14 4955
14 4956
14 4957
13 4958
13 4959
13 4960
13 4961
13 4962
13 4963
13 4964
13 4965
13 4966
13 4967
13 4968
13 4969
13 4970
13 4971
13 4972
13 4973
13 4974
13 4975
13 4976
13 4977
13 4978
13 4979
13 4980
13 4981
13 4982
13 4983
13 4984
13 4985
13 4986
13 4987
13 4988
13 4989
13 4990
13 4991
13 4992
13 4993
13 4994
13 4995
13 4996
13 4997
13 4998
13 4999
13 5000
13 5001
13 5002
13 5003
13 5004
13 5005
13 5006
13 5007
13 5008
13 5009
13 5010
13 5011
13 5012
13 5013
13 5014
13 5015
13 5016
13 5017
13 5018
13 5019
13 5020
13 5021
13 5022
13 5023
13 5024
13 5025
13 5026
13 5027
13 5028
13 5029
13 5030
13 5031
13 5032
13 5033
13 5034
13 5035
13 5036
13 5037
13 5038
13 5039
13 5040
13 5041
13 5042
13 5043
13 5044
13 5045
13 5046
13 5047
13 5048
13 5049
13 5050
13 5051
13 5052
13 5053
13 5054
13 5055
13 5056
13 5057
13 5058
13 5059
13 5060
13 5061
13 5062
13 5063
13 5064
13 5065
13 5066
13 5067
13 5068
13 5069
13 5070
13 5071
13 5072
13 5073
13 5074
13 5075
13 5076
13 5077
13 5078
13 5079
13 5080
13 5081
13 5082
13 5083
13 5084
13 5085
13 5086
13 5087
13 5088
13 5089
13 5090
13 5091
13 5092
13 5093
13 5094
13 5095
13 5096
13 5097
13 5098
13 5099
13 5100
13 5101
13 5102
13 5103
13 5104
13 5105
13 5106
13 5107
13 5108
13 5109
13 5110
13 5111
13 5112
13 5113
13 5114
13 5115
13 5116
13 5117
13 5118
13 5119
13 5120
13 5121
13 5122
13 5123
13 5124
13 5125
13 5126
13 5127
13 5128
13 5129
13 5130
13 5131
13 5132
13 5133
13 5134
13 5135
13 5136
13 5137
13 5138
13 5139
13 5140
13 5141
13 5142
13 5143
13 5144
13 5145
13 5146
13 5147
13 5148
13 5149
13 5150
13 5151
13 5152
13 5153
13 5154
13 5155
13 5156
13 5157
13 5158
13 5159
13 5160
13 5161
13 5162
13 5163
13 5164
13 5165
13 5166
13 5167
13 5168
13 5169
13 5170
13 5171
13 5172
13 5173
13 5174
13 5175
13 5176
13 5177
13 5178
13 5179
13 5180
13 5181
13 5182
13 5183
13 5184
13 5185
13 5186
13 5187
13 5188
13 5189
13 5190
13 5191
13 5192
13 5193
13 5194
13 5195
13 5196
13 5197
13 5198
13 5199
13 5200
13 5201
13 5202
13 5203
13 5204
13 5205
13 5206
13 5207
13 5208
13 5209
13 5210
13 5211
13 5212
13 5213
13 5214
13 5215
13 5216
13 5217
13 5218
13 5219
13 5220
13 5221
13 5222
13 5223
13 5224
13 5225
13 5226
13 5227
13 5228
13 5229
13 5230
13 5231
13 5232
13 5233
13 5234
13 5235
13 5236
13 5237
13 5238
13 5239
13 5240
13 5241
13 5242
13 5243
13 5244
13 5245
13 5246
13 5247
13 5248
13 5249
13 5250
13 5251
13 5252
13 5253
13 5254
13 5255
13 5256
13 5257
13 5258
13 5259
13 5260
13 5261
13 5262
13 5263
13 5264
13 5265
13 5266
13 5267
13 5268
13 5269
13 5270
13 5271
13 5272
13 5273
13 5274
13 5275
13 5276
13 5277
13 5278
13 5279
13 5280
13 5281
13 5282
13 5283
13 5284
13 5285
13 5286
13 5287
13 5288
13 5289
13 5290
13 5291
13 5292
13 5293
13 5294
13 5295
13 5296
13 5297
13 5298
13 5299
13 5300
13 5301
13 5302
13 5303
13 5304
13 5305
13 5306
13 5307
13 5308
13 5309
13 5310
13 5311
13 5312
13 5313
13 5314
13 5315
13 5316
13 5317
13 5318
13 5319
13 5320
13 5321
13 5322
13 5323
13 5324
13 5325
13 5326
13 5327
13 5328
13 5329
13 5330
13 5331
13 5332
13 5333
13 5334
13 5335
13 5336
13 5337
13 5338
13 5339
13 5340
13 5341
13 5342
13 5343
13 5344
13 5345
13 5346
13 5347
13 5348
13 5349
13 5350
13 5351
13 5352
13 5353
13 5354
13 5355
13 5356
13 5357
13 5358
13 5359
13 5360
13 5361
13 5362
13 5363
13 5364
13 5365
13 5366
13 5367
13 5368
13 5369
13 5370
13 5371
13 5372
13 5373
13 5374
13 5375
13 5376
13 5377
13 5378
13 5379
13 5380
13 5381
13 5382
13 5383
13 5384
13 5385
13 5386
13 5387
13 5388
13 5389
13 5390
13 5391
13 5392
13 5393
13 5394
13 5395
13 5396
13 5397
13 5398
13 5399
13 5400
13 5401
13 5402
13 5403
13 5404
13 5405
13 5406
13 5407
13 5408
13 5409
13 5410
13 5411
13 5412
13 5413
13 5414
13 5415
13 5416
13 5417
13 5418
13 5419
13 5420
13 5421
13 5422
13 5423
13 5424
13 5425
13 5426
13 5427
13 5428
13 5429
13 5430
13 5431
13 5432
13 5433
13 5434
13 5435
13 5436
13 5437
13 5438
13 5439
13 5440
13 5441
13 5442
13 5443
13 5444
13 5445
13 5446
13 5447
13 5448
13 5449
13 5450
13 5451
13 5452
13 5453
13 5454
13 5455
13 5456
13 5457
13 5458
13 5459
13 5460
13 5461
13 5462
13 5463
13 5464
13 5465
13 5466
13 5467
13 5468
13 5469
13 5470
13 5471
13 5472
13 5473
13 5474
13 5475
13 5476
13 5477
13 5478
13 5479
13 5480
13 5481
13 5482
13 5483
13 5484
13 5485
13 5486
13 5487
13 5488
13 5489
13 5490
13 5491
13 5492
13 5493
13 5494
13 5495
13 5496
13 5497
13 5498
13 5499
13 5500
13 5501
13 5502
13 5503
13 5504
13 5505
13 5506
13 5507
13 5508
13 5509
13 5510
13 5511
13 5512
13 5513
13 5514
13 5515
13 5516
13 5517
13 5518
13 5519
13 5520
13 5521
13 5522
13 5523
13 5524
13 5525
13 5526
13 5527
13 5528
13 5529
13 5530
13 5531
13 5532
13 5533
13 5534
13 5535
13 5536
13 5537
13 5538
13 5539
13 5540
13 5541
13 5542
13 5543
13 5544
13 5545
13 5546
13 5547
13 5548
13 5549
13 5550
13 5551
13 5552
13 5553
13 5554
13 5555
13 5556
13 5557
13 5558
13 5559
13 5560
13 5561
13 5562
13 5563
13 5564
13 5565
13 5566
13 5567
13 5568
13 5569
13 5570
13 5571
13 5572
13 5573
13 5574
13 5575
13 5576
13 5577
13 5578
13 5579
13 5580
13 5581
13 5582
13 5583
13 5584
13 5585
13 5586
13 5587
13 5588
13 5589
13 5590
13 5591
13 5592
13 5593
13 5594
13 5595
13 5596
13 5597
13 5598
13 5599
13 5600
13 5601
13 5602
13 5603
13 5604
13 5605
13 5606
13 5607
13 5608
13 5609
13 5610
13 5611
13 5612
13 5613
13 5614
13 5615
13 5616
13 5617
13 5618
13 5619
13 5620
13 5621
13 5622
13 5623
13 5624
13 5625
13 5626
13 5627
13 5628
13 5629
13 5630
13 5631
13 5632
13 5633
13 5634
13 5635
13 5636
13 5637
13 5638
13 5639
13 5640
13 5641
13 5642
13 5643
13 5644
13 5645
13 5646
13 5647
13 5648
13 5649
13 5650
13 5651
13 5652
13 5653
13 5654
13 5655
13 5656
13 5657
13 5658
13 5659
13 5660
13 5661
13 5662
13 5663
13 5664
13 5665
13 5666
13 5667
13 5668
13 5669
13 5670
13 5671
13 5672
13 5673
13 5674
13 5675
13 5676
13 5677
13 5678
13 5679
13 5680
13 5681
13 5682
13 5683
13 5684
13 5685
13 5686
13 5687
13 5688
13 5689
13 5690
13 5691
13 5692
13 5693
13 5694
13 5695
13 5696
13 5697
13 5698
13 5699
13 5700
13 5701
13 5702
13 5703
13 5704
13 5705
13 5706
13 5707
13 5708
13 5709
13 5710
13 5711
13 5712
13 5713
13 5714
13 5715
13 5716
13 5717
13 5718
13 5719
13 5720
13 5721
13 5722
13 5723
13 5724
13 5725
13 5726
13 5727
13 5728
13 5729
13 5730
13 5731
13 5732
13 5733
13 5734
13 5735
13 5736
13 5737
13 5738
13 5739
13 5740
13 5741
13 5742
13 5743
13 5744
13 5745
13 5746
13 5747
13 5748
13 5749
13 5750
13 5751
13 5752
13 5753
13 5754
13 5755
13 5756
13 5757
13 5758
13 5759
8 5760
8 5761
8 5762
8 5763
8 5764
8 5765
8 5766
8 5767
8 5768
8 5769
8 5770
8 5771
8 5772
8 5773
8 5774
8 5775
8 5776
8 5777
8 5778
8 5779
8 5780
8 5781
8 5782
8 5783
8 5784
8 5785
8 5786
8 5787
8 5788
8 5789
8 5790
8 5791
8 5792
8 5793
8 5794
8 5795
8 5796
8 5797
8 5798
8 5799
8 5800
8 5801
8 5802
8 5803
8 5804
8 5805
8 5806
8 5807
8 5808
8 5809
8 5810
8 5811
8 5812
8 5813
8 5814
8 5815
8 5816
8 5817
8 5818
8 5819
8 5820
8 5821
8 5822
8 5823
8 5824
8 5825
8 5826
8 5827
8 5828
8 5829
8 5830
8 5831
8 5832
8 5833
8 5834
8 5835
8 5836
8 5837
8 5838
8 5839
8 5840
8 5841
8 5842
8 5843
8 5844
8 5845
8 5846
8 5847
8 5848
8 5849
8 5850
8 5851
8 5852
8 5853
8 5854
8 5855
8 5856
8 5857
8 5858
8 5859
8 5860
8 5861
8 5862
8 5863
8 5864
8 5865
8 5866
8 5867
8 5868
8 5869
8 5870
8 5871
8 5872
8 5873
8 5874
8 5875
8 5876
8 5877
8 5878
8 5879
8 5880
8 5881
8 5882
8 5883
8 5884
8 5885
8 5886
8 5887
8 5888
8 5889
8 5890
8 5891
8 5892
8 5893
8 5894
8 5895
8 5896
8 5897
8 5898
8 5899
8 5900
8 5901
8 5902
8 5903
8 5904
8 5905
8 5906
8 5907
8 5908
8 5909
8 5910
8 5911
8 5912
8 5913
8 5914
8 5915
8 5916
8 5917
8 5918
8 5919
8 5920
8 5921
8 5922
8 5923
8 5924
8 5925
8 5926
8 5927
8 5928
8 5929
8 5930
8 5931
8 5932
8 5933
8 5934
8 5935
8 5936
8 5937
8 5938
8 5939
8 5940
8 5941
8 5942
8 5943
8 5944
8 5945
8 5946
8 5947
8 5948
8 5949
8 5950
8 5951
8 5952
8 5953
8 5954
8 5955
8 5956
8 5957
8 5958
8 5959
8 5960
8 5961
8 5962
8 5963
8 5964
8 5965
8 5966
8 5967
8 5968
8 5969
8 5970
8 5971
8 5972
8 5973
8 5974
8 5975
8 5976
8 5977
8 5978
8 5979
8 5980
8 5981
8 5982
8 5983
8 5984
8 5985
8 5986
8 5987
8 5988
8 5989
8 5990
8 5991
8 5992
8 5993
8 5994
8 5995
8 5996
8 5997
8 5998
8 5999
8 6000
8 6001
8 6002
8 6003
8 6004
8 6005
8 6006
8 6007
8 6008
8 6009
8 6010
8 6011
8 6012
8 6013
8 6014
8 6015
8 6016
8 6017
8 6018
8 6019
8 6020
8 6021
8 6022
8 6023
8 6024
8 6025
8 6026
8 6027
8 6028
8 6029
8 6030
8 6031
8 6032
8 6033
8 6034
8 6035
8 6036
8 6037
8 6038
8 6039
8 6040
8 6041
8 6042
8 6043
8 6044
8 6045
8 6046
8 6047
8 6048
8 6049
8 6050
8 6051
8 6052
8 6053
8 6054
8 6055
8 6056
8 6057
8 6058
8 6059
8 6060
8 6061
8 6062
8 6063
8 6064
8 6065
8 6066
8 6067
8 6068
8 6069
8 6070
8 6071
8 6072
8 6073
8 6074
8 6075
8 6076
8 6077
8 6078
8 6079
8 6080
8 6081
8 6082
8 6083
8 6084
8 6085
8 6086
8 6087
8 6088
8 6089
8 6090
8 6091
8 6092
8 6093
8 6094
8 6095
8 6096
8 6097
8 6098
8 6099
8 6100
8 6101
8 6102
8 6103
8 6104
8 6105
8 6106
8 6107
8 6108
8 6109
8 6110
8 6111
8 6112
8 6113
8 6114
8 6115
8 6116
8 6117
8 6118
8 6119
8 6120
8 6121
8 6122
8 6123
8 6124
8 6125
8 6126
8 6127
8 6128
8 6129
8 6130
8 6131
8 6132
8 6133
8 6134
8 6135
8 6136
8 6137
8 6138
8 6139
8 6140
8 6141
8 6142
8 6143
8 6144
8 6145
8 6146
8 6147
8 6148
8 6149
8 6150
8 6151
8 6152
8 6153
8 6154
8 6155
8 6156
8 6157
8 6158
8 6159
8 6160
8 6161
8 6162
8 6163
8 6164
8 6165
8 6166
8 6167
8 6168
8 6169
8 6170
8 6171
8 6172
8 6173
8 6174
8 6175
8 6176
8 6177
8 6178
8 6179
8 6180
8 6181
8 6182
8 6183
8 6184
8 6185
8 6186
8 6187
8 6188
8 6189
8 6190
8 6191
8 6192
8 6193
8 6194
8 6195
8 6196
8 6197
8 6198
8 6199
8 6200
8 6201
8 6202
8 6203
8 6204
8 6205
8 6206
8 6207
8 6208
8 6209
8 6210
8 6211
8 6212
8 6213
8 6214
8 6215
8 6216
8 6217
8 6218
8 6219
8 6220
8 6221
8 6222
8 6223
8 6224
8 6225
8 6226
8 6227
8 6228
8 6229
8 6230
8 6231
8 6232
8 6233
8 6234
8 6235
8 6236
8 6237
8 6238
8 6239
8 6240
8 6241
8 6242
8 6243
8 6244
8 6245
8 6246
8 6247
8 6248
8 6249
8 6250
8 6251
8 6252
8 6253
8 6254
8 6255
8 6256
8 6257
8 6258
8 6259
8 6260
8 6261
8 6262
8 6263
8 6264
8 6265
8 6266
8 6267
8 6268
8 6269
8 6270
8 6271
8 6272
8 6273
8 6274
8 6275
8 6276
8 6277
8 6278
8 6279
8 6280
8 6281
8 6282
8 6283
8 6284
8 6285
8 6286
8 6287
8 6288
8 6289
8 6290
8 6291
8 6292
8 6293
8 6294
8 6295
8 6296
8 6297
8 6298
8 6299
8 6300
8 6301
8 6302
8 6303
8 6304
8 6305
8 6306
8 6307
8 6308
8 6309
8 6310
8 6311
8 6312
8 6313
8 6314
8 6315
8 6316
8 6317
8 6318
8 6319
8 6320
8 6321
8 6322
8 6323
8 6324
8 6325
8 6326
8 6327
8 6328
8 6329
8 6330
8 6331
8 6332
8 6333
8 6334
8 6335
8 6336
8 6337
8 6338
8 6339
8 6340
8 6341
8 6342
8 6343
8 6344
8 6345
8 6346
8 6347
8 6348
8 6349
8 6350
8 6351
8 6352
8 6353
8 6354
8 6355
8 6356
8 6357
8 6358
8 6359
8 6360
8 6361
8 6362
8 6363
8 6364
8 6365
8 6366
8 6367
8 6368
8 6369
8 6370
8 6371
8 6372
8 6373
8 6374
8 6375
8 6376
8 6377
8 6378
8 6379
8 6380
8 6381
8 6382
8 6383
8 6384
8 6385
8 6386
8 6387
8 6388
8 6389
8 6390
8 6391
11 6392
11 6393
11 6394
11 6395
11 6396
11 6397
11 6398
11 6399
11 6400
11 6401
11 6402
11 6403
11 6404
11 6405
11 6406
11 6407
11 6408
11 6409
11 6410
11 6411
11 6412
11 6413
11 6414
11 6415
11 6416
11 6417
11 6418
11 6419
11 6420
11 6421
11 6422
11 6423
11 6424
11 6425
11 6426
11 6427
11 6428
11 6429
11 6430
11 6431
11 6432
11 6433
11 6434
11 6435
11 6436
11 6437
11 6438
11 6439
11 6440
11 6441
11 6442
11 6443
11 6444
11 6445
11 6446
11 6447
11 6448
11 6449
11 6450
11 6451
11 6452
11 6453
11 6454
11 6455
11 6456
11 6457
11 6458
11 6459
11 6460
11 6461
11 6462
11 6463
11 6464
11 6465
11 6466
11 6467
11 6468
11 6469
11 6470
11 6471
11 6472
11 6473
11 6474
11 6475
11 6476
11 6477
11 6478
11 6479
11 6480
11 6481
11 6482
11 6483
11 6484
11 6485
11 6486
11 6487
11 6488
11 6489
11 6490
11 6491
11 6492
11 6493
11 6494
11 6495
11 6496
11 6497
11 6498
11 6499
11 6500
11 6501
11 6502
11 6503
11 6504
11 6505
11 6506
11 6507
11 6508
11 6509
11 6510
11 6511
11 6512
11 6513
11 6514
11 6515
11 6516
11 6517
11 6518
11 6519
11 6520
11 6521
11 6522
11 6523
11 6524
11 6525
11 6526
11 6527
11 6528
11 6529
11 6530
11 6531
11 6532
11 6533
11 6534
11 6535
11 6536
11 6537
11 6538
11 6539
11 6540
11 6541
11 6542
11 6543
11 6544
11 6545
11 6546
11 6547
11 6548
11 6549
11 6550
11 6551
11 6552
11 6553
11 6554
11 6555
11 6556
11 6557
11 6558
11 6559
11 6560
11 6561
11 6562
11 6563
11 6564
11 6565
11 6566
11 6567
11 6568
11 6569
11 6570
11 6571
11 6572
11 6573
11 6574
11 6575
11 6576
11 6577
11 6578
11 6579
11 6580
11 6581
11 6582
11 6583
11 6584
11 6585
11 6586
11 6587
11 6588
11 6589
11 6590
11 6591
11 6592
11 6593
11 6594
11 6595
11 6596
11 6597
11 6598
11 6599
11 6600
11 6601
11 6602
11 6603
11 6604
11 6605
11 6606
11 6607
11 6608
11 6609
11 6610
11 6611
11 6612
11 6613
11 6614
11 6615
11 6616
11 6617
11 6618
11 6619
11 6620
11 6621
11 6622
11 6623
11 6624
11 6625
11 6626
11 6627
11 6628
11 6629
11 6630
11 6631
11 6632
11 6633
11 6634
11 6635
11 6636
11 6637
11 6638
11 6639
11 6640
11 6641
11 6642
11 6643
11 6644
11 6645
11 6646
11 6647
11 6648
11 6649
11 6650
11 6651
11 6652
11 6653
11 6654
11 6655
11 6656
11 6657
11 6658
11 6659
11 6660
11 6661
11 6662
11 6663
11 6664
11 6665
11 6666
11 6667
11 6668
11 6669
11 6670
11 6671
11 6672
11 6673
11 6674
11 6675
11 6676
11 6677
11 6678
11 6679
11 6680
11 6681
11 6682
11 6683
11 6684
11 6685
11 6686
11 6687
11 6688
11 6689
11 6690
11 6691
11 6692
11 6693
11 6694
11 6695
11 6696
11 6697
11 6698
11 6699
11 6700
11 6701
11 6702
11 6703
11 6704
11 6705
11 6706
11 6707
2 6708
2 6709
2 6710
2 6711
2 6712
2 6713
2 6714
2 6715
2 6716
2 6717
2 6718
2 6719
2 6720
2 6721
2 6722
2 6723
2 6724
2 6725
2 6726
2 6727
2 6728
2 6729
2 6730
2 6731
2 6732
2 6733
2 6734
2 6735
2 6736
2 6737
2 6738
2 6739
2 6740
2 6741
2 6742
2 6743
2 6744
2 6745
2 6746
2 6747
2 6748
2 6749
2 6750
2 6751
2 6752
2 6753
2 6754
2 6755
2 6756
2 6757
2 6758
2 6759
2 6760
2 6761
2 6762
2 6763
2 6764
2 6765
2 6766
2 6767
2 6768
2 6769
2 6770
2 6771
2 6772
2 6773
2 6774
2 6775
2 6776
2 6777
2 6778
2 6779
2 6780
2 6781
2 6782
2 6783
2 6784
2 6785
2 6786
2 6787
2 6788
2 6789
2 6790
2 6791
2 6792
2 6793
2 6794
2 6795
2 6796
2 6797
2 6798
2 6799
2 6800
2 6801
2 6802
2 6803
2 6804
2 6805
2 6806
2 6807
2 6808
2 6809
2 6810
2 6811
2 6812
2 6813
2 6814
2 6815
2 6816
2 6817
2 6818
2 6819
2 6820
2 6821
2 6822
2 6823
2 6824
2 6825
2 6826
2 6827
2 6828
2 6829
2 6830
2 6831
2 6832
2 6833
2 6834
2 6835
2 6836
2 6837
2 6838
2 6839
2 6840
2 6841
2 6842
2 6843
2 6844
2 6845
2 6846
2 6847
2 6848
2 6849
2 6850
2 6851
2 6852
2 6853
2 6854
2 6855
2 6856
2 6857
2 6858
2 6859
2 6860
2 6861
2 6862
2 6863
2 6864
2 6865
2 6866
2 6867
2 6868
2 6869
2 6870
2 6871
2 6872
2 6873
2 6874
2 6875
2 6876
2 6877
2 6878
2 6879
2 6880
2 6881
2 6882
2 6883
2 6884
2 6885
2 6886
2 6887
2 6888
2 6889
2 6890
2 6891
2 6892
2 6893
2 6894
2 6895
2 6896
2 6897
2 6898
2 6899
2 6900
2 6901
2 6902
2 6903
2 6904
2 6905
2 6906
2 6907
2 6908
2 6909
2 6910
2 6911
2 6912
2 6913
2 6914
2 6915
2 6916
2 6917
2 6918
2 6919
2 6920
2 6921
2 6922
2 6923
2 6924
2 6925
2 6926
2 6927
2 6928
2 6929
2 6930
2 6931
2 6932
2 6933
2 6934
2 6935
2 6936
2 6937
2 6938
2 6939
2 6940
2 6941
2 6942
2 6943
2 6944
2 6945
2 6946
2 6947
2 6948
2 6949
2 6950
2 6951
2 6952
2 6953
2 6954
2 6955
2 6956
2 6957
2 6958
2 6959
2 6960
2 6961
2 6962
2 6963
2 6964
2 6965
2 6966
2 6967
2 6968
2 6969
2 6970
2 6971
2 6972
2 6973
2 6974
2 6975
2 6976
2 6977
2 6978
2 6979
2 6980
2 6981
2 6982
2 6983
2 6984
2 6985
2 6986
2 6987
2 6988
2 6989
2 6990
2 6991
2 6992
2 6993
2 6994
2 6995
2 6996
2 6997
2 6998
2 6999
2 7000
2 7001
2 7002
2 7003
2 7004
2 7005
2 7006
2 7007
2 7008
2 7009
2 7010
2 7011
2 7012
2 7013
2 7014
2 7015
2 7016
2 7017
2 7018
2 7019
2 7020
2 7021
2 7022
2 7023
2 7024
2 7025
2 7026
2 7027
2 7028
2 7029
2 7030
2 7031
2 7032
2 7033
2 7034
2 7035
2 7036
2 7037
2 7038
2 7039
2 7040
2 7041
2 7042
2 7043
2 7044
2 7045
2 7046
2 7047
2 7048
2 7049
2 7050
2 7051
2 7052
2 7053
2 7054
2 7055
2 7056
2 7057
2 7058
2 7059
2 7060
2 7061
2 7062
2 7063
2 7064
2 7065
2 7066
2 7067
2 7068
2 7069
5 7070
5 7071
5 7072
5 7073
5 7074
5 7075
5 7076
5 7077
5 7078
5 7079
5 7080
5 7081
5 7082
5 7083
5 7084
5 7085
5 7086
5 7087
5 7088
5 7089
5 7090
5 7091
5 7092
5 7093
5 7094
5 7095
5 7096
5 7097
5 7098
5 7099
5 7100
5 7101
5 7102
5 7103
5 7104
5 7105
5 7106
5 7107
5 7108
5 7109
5 7110
5 7111
5 7112
5 7113
5 7114
5 7115
5 7116
5 7117
5 7118
5 7119
5 7120
5 7121
5 7122
5 7123
5 7124
5 7125
5 7126
5 7127
5 7128
5 7129
5 7130
5 7131
5 7132
5 7133
5 7134
5 7135
5 7136
5 7137
5 7138
5 7139
5 7140
5 7141
5 7142
5 7143
5 7144
5 7145
5 7146
5 7147
5 7148
5 7149
5 7150
5 7151
5 7152
5 7153
5 7154
5 7155
5 7156
5 7157
5 7158
5 7159
5 7160
5 7161
5 7162
5 7163
5 7164
5 7165
5 7166
5 7167
5 7168
5 7169
5 7170
5 7171
5 7172
5 7173
5 7174
5 7175
5 7176
5 7177
5 7178
5 7179
5 7180
5 7181
5 7182
5 7183
5 7184
5 7185
5 7186
5 7187
5 7188
5 7189
5 7190
5 7191
5 7192
5 7193
5 7194
5 7195
5 7196
5 7197
5 7198
5 7199
5 7200
5 7201
5 7202
5 7203
5 7204
5 7205
5 7206
5 7207
5 7208
5 7209
5 7210
5 7211
5 7212
5 7213
5 7214
5 7215
5 7216
5 7217
5 7218
5 7219
5 7220
5 7221
5 7222
5 7223
5 7224
5 7225
5 7226
5 7227
5 7228
5 7229
5 7230
5 7231
5 7232
5 7233
5 7234
5 7235
5 7236
5 7237
5 7238
5 7239
5 7240
5 7241
5 7242
5 7243
5 7244
5 7245
5 7246
5 7247
5 7248
5 7249
5 7250
5 7251
5 7252
5 7253
5 7254
5 7255
5 7256
5 7257
5 7258
5 7259
5 7260
5 7261
5 7262
5 7263
5 7264
5 7265
5 7266
5 7267
5 7268
5 7269
5 7270
5 7271
5 7272
5 7273
5 7274
5 7275
5 7276
5 7277
5 7278
5 7279
5 7280
5 7281
5 7282
5 7283
5 7284
5 7285
5 7286
5 7287
5 7288
5 7289
5 7290
5 7291
5 7292
5 7293
5 7294
5 7295
5 7296
5 7297
5 7298
5 7299
5 7300
5 7301
5 7302
5 7303
5 7304
5 7305
5 7306
5 7307
5 7308
5 7309
5 7310
5 7311
5 7312
5 7313
5 7314
5 7315
5 7316
5 7317
5 7318
5 7319
5 7320
5 7321
5 7322
5 7323
5 7324
5 7325
5 7326
5 7327
5 7328
5 7329
5 7330
5 7331
5 7332
5 7333
5 7334
5 7335
5 7336
5 7337
5 7338
5 7339
5 7340
5 7341
5 7342
5 7343
5 7344
5 7345
5 7346
5 7347
5 7348
5 7349
5 7350
5 7351
5 7352
5 7353
5 7354
5 7355
5 7356
5 7357
5 7358
5 7359
5 7360
5 7361
5 7362
5 7363
5 7364
5 7365
5 7366
5 7367
5 7368
5 7369
5 7370
5 7371
5 7372
5 7373
5 7374
5 7375
5 7376
5 7377
5 7378
5 7379
5 7380
5 7381
5 7382
5 7383
5 7384
5 7385
5 7386
5 7387
5 7388
5 7389
5 7390
5 7391
5 7392
5 7393
5 7394
5 7395
5 7396
5 7397
5 7398
5 7399
5 7400
5 7401
5 7402
5 7403
5 7404
5 7405
5 7406
5 7407
5 7408
5 7409
5 7410
5 7411
5 7412
5 7413
5 7414
5 7415
5 7416
5 7417
5 7418
5 7419
5 7420
5 7421
5 7422
5 7423
5 7424
5 7425
5 7426
5 7427
5 7428
5 7429
5 7430
5 7431
5 7432
5 7433
5 7434
5 7435
5 7436
5 7437
5 7438
5 7439
5 7440
5 7441
5 7442
5 7443
5 7444
5 7445
5 7446
5 7447
5 7448
5 7449
5 7450
5 7451
5 7452
5 7453
5 7454
5 7455
5 7456
5 7457
5 7458
5 7459
5 7460
5 7461
5 7462
5 7463
5 7464
5 7465
5 7466
5 7467
5 7468
5 7469
5 7470
5 7471
5 7472
5 7473
5 7474
5 7475
5 7476
5 7477
5 7478
5 7479
5 7480
5 7481
5 7482
5 7483
5 7484
5 7485
5 7486
5 7487
5 7488
5 7489
5 7490
5 7491
5 7492
5 7493
5 7494
5 7495
5 7496
5 7497
5 7498
5 7499
5 7500
5 7501
5 7502
5 7503
5 7504
5 7505
5 7506
5 7507
5 7508
5 7509
5 7510
5 7511
5 7512
5 7513
5 7514
5 7515
5 7516
5 7517
5 7518
5 7519
5 7520
5 7521
5 7522
5 7523
5 7524
5 7525
5 7526
5 7527
5 7528
5 7529
5 7530
5 7531
5 7532
5 7533
5 7534
5 7535
5 7536
5 7537
5 7538
5 7539
5 7540
5 7541
5 7542
5 7543
5 7544
5 7545
5 7546
5 7547
5 7548
5 7549
5 7550
5 7551
5 7552
5 7553
5 7554
5 7555
5 7556
5 7557
5 7558
5 7559
5 7560
5 7561
5 7562
5 7563
5 7564
5 7565
5 7566
5 7567
5 7568
5 7569
5 7570
5 7571
5 7572
5 7573
5 7574
5 7575
5 7576
5 7577
5 7578
5 7579
5 7580
5 7581
5 7582
5 7583
5 7584
5 7585
5 7586
5 7587
5 7588
5 7589
5 7590
5 7591
5 7592
5 7593
5 7594
5 7595
5 7596
5 7597
5 7598
5 7599
5 7600
5 7601
5 7602
5 7603
5 7604
5 7605
5 7606
5 7607
5 7608
5 7609
5 7610
5 7611
5 7612
5 7613
5 7614
5 7615
5 7616
5 7617
5 7618
5 7619
5 7620
5 7621
5 7622
5 7623
5 7624
5 7625
5 7626
5 7627
5 7628
5 7629
5 7630
5 7631
5 7632
5 7633
5 7634
5 7635
5 7636
5 7637
5 7638
5 7639
5 7640
5 7641
5 7642
5 7643
5 7644
5 7645
5 7646
5 7647
5 7648
5 7649
5 7650
5 7651
5 7652
5 7653
5 7654
5 7655
5 7656
5 7657
5 7658
5 7659
5 7660
5 7661
5 7662
5 7663
5 7664
5 7665
5 7666
5 7667
5 7668
5 7669
5 7670
5 7671
5 7672
5 7673
5 7674
5 7675
5 7676
5 7677
5 7678
5 7679
5 7680
5 7681
5 7682
5 7683
5 7684
5 7685
5 7686
5 7687
5 7688
5 7689
5 7690
5 7691
5 7692
5 7693
5 7694
5 7695
5 7696
5 7697
5 7698
5 7699
5 7700
5 7701
5 7702
5 7703
5 7704
5 7705
5 7706
5 7707
5 7708
5 7709
5 7710
5 7711
5 7712
5 7713
5 7714
5 7715
5 7716
5 7717
5 7718
5 7719
5 7720
5 7721
5 7722
5 7723
5 7724
5 7725
5 7726
5 7727
5 7728
5 7729
5 7730
5 7731
5 7732
5 7733
5 7734
5 7735
5 7736
5 7737
5 7738
5 7739
5 7740
5 7741
5 7742
5 7743
5 7744
5 7745
5 7746
5 7747
5 7748
5 7749
5 7750
5 7751
5 7752
5 7753
5 7754
5 7755
5 7756
5 7757
5 7758
5 7759
5 7760
5 7761
5 7762
5 7763
5 7764
5 7765
5 7766
5 7767
5 7768
5 7769
5 7770
5 7771
5 7772
5 7773
5 7774
5 7775
5 7776
5 7777
5 7778
5 7779
5 7780
5 7781
5 7782
5 7783
5 7784
5 7785
5 7786
5 7787
5 7788
5 7789
5 7790
5 7791
5 7792
5 7793
5 7794
5 7795
5 7796
5 7797
5 7798
5 7799
5 7800
5 7801
5 7802
5 7803
5 7804
5 7805
5 7806
5 7807
5 7808
5 7809
5 7810
5 7811
5 7812
5 7813
5 7814
5 7815
5 7816
5 7817
5 7818
5 7819
5 7820
5 7821
5 7822
5 7823
5 7824
5 7825
5 7826
5 7827
5 7828
5 7829
5 7830
5 7831
5 7832
5 7833
5 7834
5 7835
5 7836
5 7837
5 7838
5 7839
5 7840
5 7841
5 7842
5 7843
5 7844
5 7845
5 7846
5 7847
5 7848
5 7849
5 7850
5 7851
5 7852
5 7853
5 7854
5 7855
5 7856
5 7857
5 7858
5 7859
5 7860
5 7861
5 7862
5 7863
5 7864
5 7865
5 7866
5 7867
5 7868
5 7869
5 7870
5 7871
5 7872
5 7873
5 7874
5 7875
5 7876
5 7877
5 7878
5 7879
5 7880
5 7881
5 7882
5 7883
5 7884
5 7885
5 7886
5 7887
5 7888
5 7889
5 7890
5 7891
5 7892
5 7893
5 7894
5 7895
5 7896
5 7897
5 7898
5 7899
5 7900
5 7901
5 7902
5 7903
5 7904
5 7905
5 7906
5 7907
5 7908
5 7909
5 7910
5 7911
5 7912
5 7913
5 7914
5 7915
5 7916
5 7917
5 7918
5 7919
5 7920
5 7921
5 7922
5 7923
5 7924
5 7925
5 7926
5 7927
5 7928
5 7929
5 7930
5 7931
5 7932
5 7933
5 7934
5 7935
5 7936
5 7937
5 7938
5 7939
5 7940
5 7941
5 7942
5 7943
5 7944
5 7945
5 7946
5 7947
5 7948
5 7949
5 7950
5 7951
5 7952
5 7953
5 7954
5 7955
5 7956
5 7957
5 7958
5 7959
5 7960
5 7961
5 7962
5 7963
5 7964
5 7965
5 7966
5 7967
5 7968
5 7969
5 7970
5 7971
5 7972
5 7973
5 7974
5 7975
5 7976
5 7977
5 7978
5 7979
5 7980
5 7981
5 7982
5 7983
5 7984
5 7985
5 7986
5 7987
5 7988
5 7989
5 7990
5 7991
5 7992
5 7993
5 7994
5 7995
5 7996
5 7997
5 7998
5 7999
5 8000
5 8001
5 8002
5 8003
5 8004
5 8005
5 8006
5 8007
5 8008
5 8009
5 8010
5 8011
5 8012
5 8013
5 8014
5 8015
5 8016
5 8017
5 8018
5 8019
5 8020
5 8021
5 8022
5 8023
5 8024
5 8025
5 8026
5 8027
5 8028
5 8029
5 8030
5 8031
5 8032
5 8033
5 8034
5 8035
5 8036
5 8037
5 8038
5 8039
5 8040
5 8041
5 8042
5 8043
5 8044
5 8045
5 8046
5 8047
5 8048
5 8049
5 8050
5 8051
5 8052
5 8053
5 8054
5 8055
5 8056
5 8057
5 8058
5 8059
5 8060
5 8061
5 8062
5 8063
5 8064
5 8065
5 8066
5 8067
5 8068
5 8069
5 8070
5 8071
5 8072
5 8073
5 8074
5 8075
5 8076
5 8077
5 8078
5 8079
5 8080
5 8081
5 8082
5 8083
5 8084
5 8085
5 8086
5 8087
5 8088
5 8089
5 8090
5 8091
5 8092
5 8093
5 8094
5 8095
5 8096
5 8097
5 8098
5 8099
5 8100
5 8101
5 8102
5 8103
5 8104
5 8105
5 8106
5 8107
5 8108
5 8109
5 8110
5 8111
5 8112
5 8113
5 8114
5 8115
5 8116
5 8117
5 8118
5 8119
5 8120
5 8121
5 8122
5 8123
5 8124
5 8125
5 8126
5 8127
5 8128
5 8129
5 8130
5 8131
5 8132
5 8133
5 8134
5 8135
5 8136
5 8137
5 8138
5 8139
5 8140
5 8141
5 8142
5 8143
5 8144
5 8145
5 8146
5 8147
5 8148
5 8149
5 8150
5 8151
5 8152
5 8153
5 8154
5 8155
5 8156
5 8157
5 8158
5 8159
5 8160
5 8161
5 8162
5 8163
5 8164
5 8165
5 8166
5 8167
5 8168
5 8169
5 8170
5 8171
5 8172
5 8173
5 8174
5 8175
5 8176
5 8177
5 8178
5 8179
5 8180
5 8181
5 8182
5 8183
5 8184
5 8185
5 8186
5 8187
5 8188
5 8189
5 8190
5 8191
5 8192
5 8193
5 8194
5 8195
5 8196
5 8197
5 8198
5 8199
5 8200
5 8201
5 8202
5 8203
5 8204
5 8205
5 8206
5 8207
5 8208
5 8209
5 8210
5 8211
5 8212
5 8213
5 8214
5 8215
5 8216
5 8217
5 8218
5 8219
5 8220
5 8221
5 8222
5 8223
5 8224
5 8225
5 8226
5 8227
5 8228
5 8229
5 8230
5 8231
5 8232
5 8233
5 8234
5 8235
5 8236
5 8237
5 8238
5 8239
5 8240
5 8241
5 8242
5 8243
5 8244
5 8245
5 8246
5 8247
5 8248
5 8249
5 8250
5 8251
5 8252
5 8253
5 8254
5 8255
5 8256
5 8257
5 8258
5 8259
5 8260
5 8261
5 8262
5 8263
5 8264
5 8265
5 8266
5 8267
5 8268
5 8269
5 8270
5 8271
5 8272
5 8273
5 8274
5 8275
5 8276
5 8277
5 8278
5 8279
5 8280
5 8281
5 8282
5 8283
5 8284
1 8285
1 8286
1 8287
1 8288
1 8289
1 8290
1 8291
1 8292
1 8293
1 8294
1 8295
1 8296
1 8297
1 8298
1 8299
1 8300
1 8301
1 8302
1 8303
1 8304
1 8305
1 8306
1 8307
1 8308
1 8309
1 8310
1 8311
1 8312
1 8313
1 8314
1 8315
1 8316
1 8317
1 8318
1 8319
1 8320
1 8321
1 8322
1 8323
1 8324
1 8325
1 8326
1 8327
1 8328
1 8329
1 8330
1 8331
1 8332
1 8333
1 8334
1 8335
1 8336
1 8337
1 8338
1 8339
1 8340
1 8341
1 8342
1 8343
1 8344
1 8345
1 8346
1 8347
1 8348
1 8349
1 8350
1 8351
1 8352
1 8353
1 8354
1 8355
1 8356
1 8357
1 8358
1 8359
1 8360
1 8361
1 8362
1 8363
1 8364
1 8365
1 8366
1 8367
1 8368
1 8369
1 8370
1 8371
1 8372
1 8373
1 8374
1 8375
1 8376
1 8377
1 8378
1 8379
1 8380
1 8381
1 8382
1 8383
1 8384
1 8385
1 8386
1 8387
1 8388
1 8389
1 8390
1 8391
1 8392
1 8393
1 8394
1 8395
1 8396
1 8397
1 8398
1 8399
1 8400
1 8401
1 8402
1 8403
1 8404
1 8405
1 8406
1 8407
1 8408
1 8409
1 8410
1 8411
1 8412
1 8413
1 8414
1 8415
1 8416
1 8417
1 8418
1 8419
1 8420
1 8421
1 8422
1 8423
1 8424
1 8425
1 8426
1 8427
1 8428
1 8429
1 8430
1 8431
1 8432
1 8433
1 8434
1 8435
1 8436
1 8437
1 8438
1 8439
1 8440
1 8441
1 8442
1 8443
1 8444
1 8445
1 8446
1 8447
1 8448
1 8449
1 8450
1 8451
1 8452
1 8453
1 8454
1 8455
1 8456
1 8457
1 8458
1 8459
1 8460
1 8461
1 8462
1 8463
1 8464
1 8465
1 8466
1 8467
1 8468
1 8469
1 8470
1 8471
1 8472
1 8473
1 8474
1 8475
1 8476
1 8477
1 8478
1 8479
1 8480
1 8481
1 8482
1 8483
1 8484
1 8485
1 8486
1 8487
1 8488
1 8489
1 8490
1 8491
1 8492
1 8493
1 8494
1 8495
1 8496
1 8497
1 8498
1 8499
1 8500
1 8501
1 8502
1 8503
1 8504
1 8505
1 8506
1 8507
1 8508
1 8509
1 8510
1 8511
1 8512
1 8513
1 8514
1 8515
1 8516
1 8517
1 8518
1 8519
1 8520
1 8521
1 8522
1 8523
1 8524
1 8525
1 8526
1 8527
1 8528
1 8529
1 8530
1 8531
1 8532
1 8533
1 8534
1 8535
1 8536
1 8537
1 8538
1 8539
1 8540
1 8541
1 8542
1 8543
1 8544
1 8545
1 8546
1 8547
1 8548
1 8549
1 8550
1 8551
1 8552
1 8553
1 8554
1 8555
1 8556
1 8557
1 8558
1 8559
1 8560
1 8561
1 8562
1 8563
1 8564
1 8565
1 8566
1 8567
1 8568
1 8569
1 8570
1 8571
1 8572
1 8573
1 8574
1 8575
1 8576
1 8577
1 8578
1 8579
1 8580
1 8581
1 8582
1 8583
1 8584
1 8585
1 8586
1 8587
1 8588
1 8589
1 8590
1 8591
1 8592
1 8593
1 8594
1 8595
1 8596
1 8597
1 8598
1 8599
1 8600
1 8601
1 8602
1 8603
1 8604
1 8605
1 8606
1 8607
1 8608
1 8609
1 8610
1 8611
1 8612
1 8613
1 8614
1 8615
1 8616
1 8617
1 8618
1 8619
1 8620
1 8621
1 8622
1 8623
1 8624
1 8625
1 8626
1 8627
1 8628
1 8629
1 8630
1 8631
1 8632
1 8633
1 8634
1 8635
1 8636
1 8637
1 8638
1 8639
1 8640
1 8641
1 8642
1 8643
1 8644
1 8645
1 8646
1 8647
1 8648
1 8649
1 8650
1 8651
1 8652
1 8653
1 8654
1 8655
1 8656
1 8657
1 8658
1 8659
1 8660
1 8661
1 8662
1 8663
1 8664
1 8665
1 8666
1 8667
1 8668
1 8669
1 8670
1 8671
1 8672
1 8673
1 8674
1 8675
1 8676
1 8677
1 8678
1 8679
1 8680
1 8681
1 8682
1 8683
1 8684
1 8685
1 8686
1 8687
1 8688
1 8689
1 8690
1 8691
1 8692
1 8693
1 8694
1 8695
1 8696
1 8697
1 8698
1 8699
1 8700
1 8701
1 8702
1 8703
1 8704
1 8705
1 8706
1 8707
1 8708
1 8709
1 8710
1 8711
1 8712
1 8713
1 8714
1 8715
1 8716
1 8717
1 8718
1 8719
1 8720
1 8721
1 8722
1 8723
1 8724
1 8725
1 8726
1 8727
1 8728
1 8729
1 8730
1 8731
1 8732
1 8733
1 8734
1 8735
1 8736
1 8737
1 8738
1 8739
1 8740
1 8741
1 8742
1 8743
1 8744
1 8745
1 8746
1 8747
1 8748
1 8749
1 8750
1 8751
1 8752
1 8753
1 8754
1 8755
1 8756
1 8757
1 8758
1 8759
1 8760
1 8761
1 8762
1 8763
1 8764
1 8765
1 8766
1 8767
1 8768
1 8769
1 8770
1 8771
1 8772
1 8773
1 8774
1 8775
1 8776
1 8777
1 8778
1 8779
1 8780
1 8781
1 8782
1 8783
1 8784
1 8785
1 8786
1 8787
1 8788
1 8789
1 8790
1 8791
1 8792
1 8793
1 8794
1 8795
1 8796
1 8797
1 8798
1 8799
1 8800
1 8801
1 8802
1 8803
1 8804
1 8805
1 8806
1 8807
1 8808
1 8809
1 8810
1 8811
1 8812
1 8813
1 8814
1 8815
1 8816
1 8817
1 8818
1 8819
1 8820
1 8821
1 8822
1 8823
1 8824
1 8825
1 8826
1 8827
1 8828
1 8829
1 8830
1 8831
1 8832
1 8833
1 8834
1 8835
1 8836
1 8837
1 8838
1 8839
1 8840
1 8841
1 8842
1 8843
1 8844
1 8845
1 8846
1 8847
1 8848
1 8849
1 8850
1 8851
1 8852
1 8853
1 8854
1 8855
1 8856
1 8857
1 8858
1 8859
1 8860
1 8861
1 8862
1 8863
1 8864
1 8865
1 8866
1 8867
1 8868
1 8869
1 8870
1 8871
1 8872
1 8873
1 8874
1 8875
1 8876
1 8877
1 8878
1 8879
1 8880
1 8881
1 8882
1 8883
1 8884
1 8885
1 8886
1 8887
1 8888
1 8889
1 8890
1 8891
1 8892
1 8893
1 8894
1 8895
1 8896
1 8897
1 8898
1 8899
1 8900
1 8901
1 8902
1 8903
1 8904
1 8905
1 8906
1 8907
1 8908
1 8909
1 8910
1 8911
1 8912
1 8913
1 8914
1 8915
1 8916
1 8917
1 8918
1 8919
1 8920
1 8921
1 8922
1 8923
1 8924
1 8925
1 8926
1 8927
1 8928
1 8929
1 8930
1 8931
1 8932
1 8933
1 8934
1 8935
1 8936
1 8937
1 8938
1 8939
1 8940
1 8941
1 8942
1 8943
1 8944
1 8945
1 8946
1 8947
1 8948
1 8949
1 8950
1 8951
1 8952
1 8953
1 8954
1 8955
1 8956
1 8957
1 8958
1 8959
1 8960
1 8961
1 8962
1 8963
1 8964
1 8965
1 8966
1 8967
1 8968
1 8969
1 8970
1 8971
1 8972
1 8973
1 8974
1 8975
1 8976
1 8977
1 8978
1 8979
1 8980
1 8981
1 8982
1 8983
1 8984
1 8985
1 8986
1 8987
1 8988
1 8989
1 8990
1 8991
1 8992
1 8993
1 8994
1 8995
1 8996
1 8997
1 8998
1 8999
1 9000
1 9001
1 9002
1 9003
1 9004
1 9005
1 9006
1 9007
1 9008
1 9009
1 9010
1 9011
1 9012
1 9013
1 9014
1 9015
1 9016
1 9017
1 9018
1 9019
1 9020
1 9021
1 9022
1 9023
1 9024
1 9025
1 9026
1 9027
1 9028
1 9029
1 9030
1 9031
1 9032
1 9033
1 9034
1 9035
1 9036
1 9037
1 9038
1 9039
1 9040
1 9041
1 9042
1 9043
1 9044
1 9045
1 9046
1 9047
1 9048
1 9049
1 9050
1 9051
1 9052
1 9053
1 9054
1 9055
1 9056
1 9057
1 9058
1 9059
1 9060
1 9061
1 9062
1 9063
1 9064
1 9065
1 9066
1 9067
1 9068
1 9069
1 9070
1 9071
1 9072
1 9073
1 9074
1 9075
1 9076
1 9077
1 9078
1 9079
1 9080
1 9081
1 9082
1 9083
1 9084
1 9085
1 9086
1 9087
1 9088
1 9089
1 9090
1 9091
1 9092
1 9093
1 9094
1 9095
1 9096
1 9097
1 9098
1 9099
1 9100
1 9101
1 9102
1 9103
1 9104
1 9105
1 9106
1 9107
1 9108
1 9109
1 9110
1 9111
1 9112
1 9113
1 9114
12 9115
12 9116
12 9117
12 9118
12 9119
12 9120
12 9121
12 9122
12 9123
12 9124
12 9125
12 9126
12 9127
12 9128
12 9129
12 9130
12 9131
12 9132
12 9133
12 9134
12 9135
12 9136
12 9137
12 9138
12 9139
12 9140
12 9141
12 9142
12 9143
12 9144
12 9145
12 9146
12 9147
12 9148
12 9149
12 9150
12 9151
12 9152
12 9153
12 9154
12 9155
12 9156
12 9157
12 9158
12 9159
12 9160
12 9161
12 9162
12 9163
12 9164
12 9165
12 9166
12 9167
12 9168
12 9169
12 9170
12 9171
12 9172
12 9173
12 9174
12 9175
12 9176
12 9177
12 9178
12 9179
12 9180
12 9181
12 9182
12 9183
12 9184
12 9185
12 9186
12 9187
12 9188
12 9189
12 9190
12 9191
12 9192
12 9193
12 9194
12 9195
12 9196
12 9197
12 9198
12 9199
12 9200
12 9201
12 9202
12 9203
12 9204
12 9205
12 9206
12 9207
12 9208
12 9209
12 9210
12 9211
12 9212
12 9213
12 9214
12 9215
12 9216
12 9217
12 9218
12 9219
12 9220
12 9221
12 9222
12 9223
12 9224
12 9225
12 9226
12 9227
12 9228
12 9229
12 9230
12 9231
12 9232
12 9233
12 9234
12 9235
12 9236
12 9237
12 9238
12 9239
12 9240
12 9241
12 9242
12 9243
12 9244
12 9245
12 9246
12 9247
12 9248
12 9249
12 9250
12 9251
12 9252
12 9253
12 9254
12 9255
12 9256
12 9257
12 9258
12 9259
12 9260
12 9261
12 9262
12 9263
12 9264
12 9265
12 9266
12 9267
12 9268
12 9269
12 9270
12 9271
12 9272
12 9273
12 9274
12 9275
12 9276
12 9277
12 9278
12 9279
12 9280
12 9281
12 9282
12 9283
12 9284
12 9285
12 9286
12 9287
12 9288
12 9289
12 9290
12 9291
12 9292
12 9293
12 9294
12 9295
12 9296
12 9297
12 9298
12 9299
12 9300
12 9301
12 9302
12 9303
12 9304
12 9305
12 9306
12 9307
12 9308
12 9309
12 9310
12 9311
12 9312
12 9313
12 9314
12 9315
12 9316
12 9317
12 9318
12 9319
12 9320
12 9321
12 9322
12 9323
12 9324
12 9325
12 9326
12 9327
12 9328
12 9329
12 9330
12 9331
12 9332
12 9333
12 9334
12 9335
12 9336
12 9337
12 9338
12 9339
12 9340
12 9341
12 9342
12 9343
0 9344
0 9345
0 9346
0 9347
0 9348
0 9349
0 9350
0 9351
0 9352
0 9353
0 9354
0 9355
0 9356
0 9357
0 9358
0 9359
0 9360
0 9361
0 9362
0 9363
0 9364
0 9365
0 9366
0 9367
0 9368
0 9369
0 9370
0 9371
0 9372
0 9373
0 9374
0 9375
0 9376
0 9377
0 9378
0 9379
0 9380
0 9381
0 9382
0 9383
0 9384
0 9385
0 9386
0 9387
0 9388
0 9389
0 9390
0 9391
0 9392
0 9393
0 9394
0 9395
0 9396
0 9397
0 9398
0 9399
0 9400
0 9401
0 9402
0 9403
0 9404
0 9405
0 9406
0 9407
0 9408
0 9409
0 9410
0 9411
0 9412
0 9413
0 9414
0 9415
0 9416
0 9417
0 9418
0 9419
0 9420
0 9421
0 9422
0 9423
0 9424
0 9425
0 9426
0 9427
0 9428
0 9429
0 9430
0 9431
0 9432
0 9433
0 9434
0 9435
0 9436
0 9437
0 9438
0 9439
0 9440
0 9441
0 9442
0 9443
0 9444
0 9445
0 9446
0 9447
0 9448
0 9449
0 9450
0 9451
0 9452
0 9453
0 9454
0 9455
0 9456
0 9457
0 9458
0 9459
0 9460
0 9461
0 9462
0 9463
0 9464
0 9465
0 9466
0 9467
0 9468
0 9469
0 9470
0 9471
0 9472
0 9473
0 9474
0 9475
0 9476
0 9477
0 9478
0 9479
0 9480
0 9481
0 9482
0 9483
0 9484
0 9485
0 9486
0 9487
0 9488
0 9489
0 9490
0 9491
0 9492
0 9493
0 9494
0 9495
0 9496
0 9497
0 9498
0 9499
0 9500
0 9501
0 9502
0 9503
0 9504
0 9505
0 9506
0 9507
0 9508
0 9509
0 9510
0 9511
0 9512
0 9513
0 9514
0 9515
0 9516
0 9517
0 9518
0 9519
0 9520
0 9521
0 9522
0 9523
0 9524
0 9525
0 9526
0 9527
0 9528
0 9529
0 9530
0 9531
0 9532
0 9533
0 9534
0 9535
0 9536
0 9537
0 9538
0 9539
0 9540
0 9541
0 9542
0 9543
0 9544
0 9545
0 9546
0 9547
0 9548
0 9549
0 9550
0 9551
0 9552
0 9553
0 9554
0 9555
0 9556
0 9557
0 9558
0 9559
0 9560
0 9561
0 9562
0 9563
0 9564
0 9565
0 9566
0 9567
0 9568
0 9569
0 9570
0 9571
0 9572
0 9573
0 9574
0 9575
0 9576
0 9577
0 9578
0 9579
0 9580
0 9581
0 9582
0 9583
0 9584
0 9585
0 9586
0 9587
0 9588
0 9589
0 9590
0 9591
0 9592
0 9593
0 9594
0 9595
0 9596
0 9597
0 9598
0 9599
0 9600
0 9601
0 9602
0 9603
0 9604
0 9605
0 9606
0 9607
0 9608
0 9609
0 9610
0 9611
0 9612
0 9613
0 9614
0 9615
0 9616
0 9617
0 9618
0 9619
0 9620
0 9621
0 9622
0 9623
0 9624
0 9625
0 9626
0 9627
0 9628
0 9629
0 9630
0 9631
0 9632
0 9633
0 9634
0 9635
0 9636
0 9637
0 9638
0 9639
0 9640
0 9641
0 9642
0 9643
0 9644
0 9645
0 9646
0 9647
0 9648
0 9649
0 9650
0 9651
0 9652
0 9653
0 9654
0 9655
0 9656
0 9657
0 9658
0 9659
0 9660
0 9661
0 9662
0 9663
0 9664
0 9665
0 9666
0 9667
0 9668
0 9669
0 9670
0 9671
0 9672
0 9673
0 9674
0 9675
0 9676
0 9677
0 9678
0 9679
0 9680
0 9681
0 9682
0 9683
0 9684
0 9685
0 9686
0 9687
0 9688
0 9689
0 9690
0 9691
0 9692
0 9693
0 9694
0 9695
0 9696
0 9697
0 9698
0 9699
0 9700
0 9701
0 9702
0 9703
0 9704
0 9705
0 9706
0 9707
0 9708
0 9709
0 9710
0 9711
0 9712
0 9713
0 9714
0 9715
0 9716
0 9717
0 9718
0 9719
0 9720
0 9721
0 9722
0 9723
0 9724
0 9725
0 9726
0 9727
0 9728
0 9729
0 9730
0 9731
0 9732
0 9733
0 9734
0 9735
0 9736
0 9737
0 9738
0 9739
0 9740
0 9741
0 9742
0 9743
0 9744
0 9745
0 9746
0 9747
0 9748
0 9749
0 9750
0 9751
0 9752
0 9753
0 9754
0 9755
0 9756
0 9757
0 9758
0 9759
0 9760
0 9761
0 9762
0 9763
0 9764
0 9765
0 9766
0 9767
0 9768
0 9769
0 9770
0 9771
0 9772
0 9773
0 9774
0 9775
0 9776
0 9777
0 9778
0 9779
0 9780
0 9781
0 9782
0 9783
0 9784
0 9785
0 9786
0 9787
0 9788
0 9789
0 9790
0 9791
0 9792
0 9793
0 9794
0 9795
0 9796
0 9797
0 9798
0 9799
0 9800
0 9801
0 9802
0 9803
0 9804
0 9805
0 9806
0 9807
0 9808
0 9809
0 9810
0 9811
0 9812
0 9813
0 9814
0 9815
0 9816
0 9817
0 9818
0 9819
0 9820
0 9821
0 9822
0 9823
0 9824
0 9825
0 9826
0 9827
0 9828
0 9829
0 9830
0 9831
0 9832
0 9833
0 9834
0 9835
0 9836
0 9837
0 9838
0 9839
0 9840
0 9841
0 9842
0 9843
0 9844
0 9845
0 9846
0 9847
0 9848
0 9849
0 9850
0 9851
0 9852
0 9853
0 9854
0 9855
0 9856
0 9857
0 9858
0 9859
0 9860
0 9861
0 9862
0 9863
0 9864
0 9865
0 9866
0 9867
0 9868
0 9869
0 9870
0 9871
0 9872
0 9873
0 9874
0 9875
0 9876
0 9877
0 9878
0 9879
0 9880
0 9881
0 9882
0 9883
0 9884
0 9885
0 9886
0 9887
0 9888
0 9889
0 9890
0 9891
0 9892
0 9893
0 9894
0 9895
0 9896
0 9897
0 9898
0 9899
0 9900
0 9901
0 9902
0 9903
0 9904
0 9905
0 9906
0 9907
0 9908
0 9909
0 9910
0 9911
0 9912
0 9913
0 9914
0 9915
0 9916
0 9917
0 9918
0 9919
0 9920
0 9921
0 9922
0 9923
0 9924
0 9925
0 9926
0 9927
0 9928
0 9929
0 9930
0 9931
0 9932
0 9933
0 9934
0 9935
0 9936
0 9937
0 9938
0 9939
0 9940
0 9941
0 9942
0 9943
0 9944
0 9945
0 9946
0 9947
0 9948
0 9949
0 9950
0 9951
0 9952
0 9953
0 9954
0 9955
0 9956
0 9957
0 9958
0 9959
0 9960
0 9961
0 9962
0 9963
0 9964
0 9965
0 9966
0 9967
0 9968
0 9969
0 9970
0 9971
0 9972
0 9973
0 9974
0 9975
0 9976
0 9977
0 9978
0 9979
0 9980
0 9981
0 9982
0 9983
0 9984
0 9985
0 9986
0 9987
0 9988
0 9989
0 9990
0 9991
0 9992
0 9993
0 9994
0 9995
0 9996
0 9997
0 9998
0 9999
0 10000
0 10001
0 10002
0 10003
0 10004
0 10005
0 10006
0 10007
0 10008
0 10009
0 10010
0 10011
0 10012
0 10013
0 10014
0 10015
0 10016
0 10017
0 10018
0 10019
0 10020
0 10021
0 10022
0 10023
0 10024
0 10025
0 10026
0 10027
0 10028
0 10029
0 10030
0 10031
0 10032
0 10033
0 10034
0 10035
0 10036
0 10037
0 10038
0 10039
0 10040
0 10041
0 10042
0 10043
0 10044
0 10045
0 10046
0 10047
0 10048
0 10049
0 10050
0 10051
0 10052
0 10053
0 10054
0 10055
0 10056
0 10057
0 10058
0 10059
0 10060
0 10061
0 10062
0 10063
0 10064
0 10065
0 10066
0 10067
0 10068
0 10069
0 10070
0 10071
0 10072
0 10073
0 10074
0 10075
0 10076
0 10077
0 10078
0 10079
0 10080
0 10081
0 10082
0 10083
0 10084
0 10085
0 10086
0 10087
0 10088
0 10089
0 10090
0 10091
0 10092
0 10093
0 10094
0 10095
0 10096
0 10097
0 10098
0 10099
0 10100
0 10101
0 10102
0 10103
0 10104
0 10105
0 10106
0 10107
0 10108
0 10109
0 10110
0 10111
0 10112
0 10113
0 10114
0 10115
0 10116
0 10117
0 10118
0 10119
0 10120
0 10121
0 10122
0 10123
0 10124
0 10125
0 10126
0 10127
0 10128
0 10129
0 10130
0 10131
0 10132
0 10133
0 10134
0 10135
0 10136
0 10137
0 10138
0 10139
0 10140
0 10141
0 10142
0 10143
0 10144
0 10145
0 10146
0 10147
0 10148
0 10149
0 10150
0 10151
0 10152
0 10153
0 10154
0 10155
0 10156
0 10157
0 10158
0 10159
0 10160
0 10161
0 10162
0 10163
0 10164
0 10165
0 10166
